

TREE # 1

  0  0.0000   6216.671642  x:  0.02899   0.09766   0.03105   0.09907   0.01187   0.04178   0.02380   0.09678   0.05146   2.00000   0.50000  
  1 99.0000   5874.486934  x:  0.10323   0.10578   0.01716   0.07665   0.27869   0.02881   0.00000   0.07282   0.03639   2.00071   0.49535  
  2 10065.4758   5803.061132  x:  0.11011   0.11245   0.00457   0.03641   0.27621   0.00641   0.00000   0.02936   0.00823   2.00212   0.48611  
  3 1414.6031   5778.934899  x:  0.11351   0.11568   0.01092   0.01568   0.27535   0.00722   0.00000   0.00639   0.00255   2.00289   0.48112  
  4 4068.1935   5775.074076  x:  0.11417   0.11629   0.01073   0.01180   0.27514   0.00718   0.00000   0.00230   0.00364   2.00304   0.48013  
  5 6131.1485   5772.890147  x:  0.11526   0.11729   0.01018   0.00621   0.27481   0.00817   0.00000   0.00326   0.00373   2.00332   0.47831  
  6 909.7705   5763.090406  x:  0.15709   0.15352   0.01368   0.00768   0.26339   0.00553   0.00000   0.00509   0.00589   2.01520   0.40052  
  7 254.6222   5759.938627  x:  0.16995   0.16440   0.01067   0.00938   0.25980   0.01031   0.00000   0.00418   0.00456   2.01935   0.37317  
  8 3807.8541   5736.322833  x:  0.17548   0.15511   0.01106   0.00928   0.25875   0.01011   0.00000   0.00430   0.00467   2.04736   0.18376  
  9 568.5406   5736.020857  x:  0.16517   0.16578   0.01103   0.00933   0.26128   0.01010   0.00000   0.00433   0.00470   2.05694   0.18101  
 10 33.6231   5727.014501  x:  0.15505   0.15605   0.01181   0.00961   0.26381   0.01036   0.00000   0.00474   0.00522   3.20630   0.24206  
 11 24.1462   5718.295422  x:  0.12770   0.12674   0.01783   0.01257   0.26713   0.01370   0.00000   0.00770   0.00964   3.10524   0.21118  
 12  0.1910   5713.651858  x:  0.11849   0.12493   0.01519   0.00542   0.25506   0.01473   0.00000   0.00458   0.01041   3.08613   0.19846  
 13  0.0158   5708.252082  x:  0.11439   0.12812   0.01129   0.00759   0.22140   0.01889   0.00000   0.00261   0.01391   2.82209   0.23817  
 14  0.1157   5705.304872  x:  0.12889   0.12198   0.01203   0.00972   0.19494   0.02084   0.00000   0.00418   0.01633   2.87104   0.21764  
 15  0.0541   5704.143345  x:  0.11504   0.13242   0.01364   0.00897   0.18462   0.02077   0.00000   0.00451   0.01723   2.94249   0.21395  
 16  0.0717   5703.502752  x:  0.11766   0.12761   0.01432   0.00683   0.17710   0.01867   0.00000   0.00392   0.01644   3.05094   0.21963  
 17  0.0702   5703.034603  x:  0.11611   0.12715   0.01469   0.00767   0.18000   0.01543   0.00000   0.00453   0.01469   3.07795   0.22401  
 18  0.0183   5702.919294  x:  0.11723   0.12891   0.01413   0.00822   0.17520   0.01508   0.00000   0.00442   0.01441   3.01415   0.21974  
 19  0.0553   5702.893303  x:  0.11614   0.12852   0.01413   0.00815   0.17562   0.01533   0.00000   0.00438   0.01415   2.95182   0.21994  
 20  0.0349   5702.876217  x:  0.11672   0.12832   0.01430   0.00796   0.17591   0.01544   0.00000   0.00433   0.01350   2.96182   0.21886  
 21  0.0038   5702.868438  x:  0.11652   0.12837   0.01430   0.00805   0.17507   0.01583   0.00000   0.00442   0.01336   2.97399   0.21979  
 22  0.0088   5702.868144  x:  0.11643   0.12846   0.01424   0.00808   0.17521   0.01581   0.00000   0.00443   0.01332   2.97464   0.21983  
 23  0.0006   5702.868141  x:  0.11645   0.12845   0.01424   0.00808   0.17521   0.01582   0.00000   0.00443   0.01333   2.97473   0.21985  
 24  0.0001   5702.868141  x:  0.11644   0.12845   0.01424   0.00808   0.17520   0.01582   0.00000   0.00443   0.01333   2.97472   0.21984  
 25  0.0000   5702.868141  x:  0.11644   0.12845   0.01424   0.00808   0.17520   0.01582   0.00000   0.00443   0.01333   2.97472   0.21984  
 26  0.0000   5702.868141  x:  0.11644   0.12845   0.01424   0.00808   0.17520   0.01582   0.00000   0.00443   0.01333   2.97472   0.21984  
 27  0.0000   5702.868141  x:  0.11644   0.12845   0.01424   0.00808   0.17520   0.01582   0.00000   0.00443   0.01333   2.97472   0.21984  
 28  0.0390   5702.868141  x:  0.11644   0.12845   0.01424   0.00808   0.17520   0.01582   0.00000   0.00443   0.01333   2.97472   0.21984  
 29  0.0313   5702.868141  x:  0.11644   0.12845   0.01424   0.00808   0.17520   0.01582   0.00000   0.00443   0.01333   2.97472   0.21984  
check convergence!
