Supplemental results for CODEML (seqf: codon_alignment.phy  treef: tree_Condylura_cristata.nwk)


MLEs of dN/dS (w) for site classes (K=4)

site class             0        1       2a       2b
proportion       0.80519  0.18832  0.00526  0.00123
background w     0.10819  1.00000  0.10819  1.00000
foreground w     0.10819  1.00000  1.00000  1.00000

Naive Empirical Bayes (NEB) probabilities for 4 classes
(amino acids refer to 1st sequence: Condylura_cristata)

   1 M   0.97360 0.02196 0.00429 0.00014 ( 1)
   2 A   0.93494 0.05975 0.00491 0.00039 ( 1)
   3 L   0.91304 0.08136 0.00507 0.00053 ( 1)
   4 L   0.06340 0.92925 0.00128 0.00607 ( 2)
   5 I   0.26797 0.72604 0.00125 0.00474 ( 2)
   6 L   0.00862 0.98423 0.00072 0.00643 ( 2)
   7 S   0.45108 0.52109 0.02442 0.00340 ( 2)
   8 I   0.74508 0.24970 0.00359 0.00163 ( 1)
   9 C   0.60061 0.39352 0.00329 0.00257 ( 1)
  10 L   0.18379 0.80289 0.00808 0.00525 ( 2)
  11 V   0.62424 0.36997 0.00337 0.00242 ( 1)
  12 I   0.24692 0.74707 0.00113 0.00488 ( 2)
  13 I   0.76885 0.22618 0.00350 0.00148 ( 1)
  14 L   0.70035 0.29427 0.00346 0.00192 ( 1)
  15 V   0.72182 0.24529 0.03129 0.00160 ( 1)
  16 S   0.02110 0.97244 0.00011 0.00635 ( 2)
  17 S   0.93541 0.05927 0.00494 0.00039 ( 1)
  18 Q   0.89352 0.10066 0.00517 0.00066 ( 1)
  19 P   0.94427 0.05058 0.00482 0.00033 ( 1)
  20 C   0.92482 0.06973 0.00500 0.00046 ( 1)
  21 Q   0.89352 0.10066 0.00517 0.00066 ( 1)
  22 T   0.67302 0.32156 0.00331 0.00210 ( 1)
  23 P   0.65178 0.34266 0.00333 0.00224 ( 1)
  24 D   0.96376 0.03139 0.00464 0.00021 ( 1)
  25 D   0.95460 0.04045 0.00469 0.00026 ( 1)
  26 L   0.70635 0.26027 0.03168 0.00170 ( 1)
  27 V   0.92747 0.06709 0.00499 0.00044 ( 1)
  28 A   0.96105 0.03415 0.00457 0.00022 ( 1)
  29 A   0.94935 0.04557 0.00479 0.00030 ( 1)
  30 S   0.71888 0.24516 0.03435 0.00160 ( 1)
  31 S   0.94810 0.04682 0.00477 0.00031 ( 1)
  32 P   0.91624 0.07819 0.00506 0.00051 ( 1)
  33 G   0.91812 0.07634 0.00504 0.00050 ( 1)
  34 H   0.94681 0.04815 0.00472 0.00031 ( 1)
  35 I   0.95788 0.03726 0.00462 0.00024 ( 1)
  36 M   0.81870 0.17649 0.00366 0.00115 ( 1)
  37 I   0.96828 0.02714 0.00440 0.00018 ( 1)
  38 G   0.91857 0.07589 0.00504 0.00050 ( 1)
  39 G   0.94969 0.04527 0.00474 0.00030 ( 1)
  40 L   0.90711 0.08721 0.00511 0.00057 ( 1)
  41 F   0.96074 0.03446 0.00458 0.00023 ( 1)
  42 E   0.01825 0.97454 0.00084 0.00637 ( 2)
  43 I   0.96828 0.02714 0.00440 0.00018 ( 1)
  44 H   0.95064 0.04434 0.00474 0.00029 ( 1)
  45 E   0.67163 0.32283 0.00343 0.00211 ( 1)
  46 K   0.94915 0.04580 0.00475 0.00030 ( 1)
  47 M   0.97360 0.02196 0.00429 0.00014 ( 1)
  48 L   0.87824 0.11579 0.00522 0.00076 ( 1)
  49 S   0.62459 0.36969 0.00330 0.00242 ( 1)
  50 S   0.91119 0.08341 0.00485 0.00054 ( 1)
  51 E   0.00230 0.99121 0.00001 0.00648 ( 2)
  52 E   0.20266 0.78272 0.00951 0.00511 ( 2)
  53 Y   0.62383 0.37055 0.00320 0.00242 ( 1)
  54 P   0.93077 0.06395 0.00486 0.00042 ( 1)
  55 R   0.94023 0.05455 0.00486 0.00036 ( 1)
  56 R   0.87700 0.11700 0.00523 0.00076 ( 1)
  57 P   0.91728 0.07715 0.00506 0.00050 ( 1)
  58 E   0.94378 0.05106 0.00482 0.00033 ( 1)
  59 I   0.96704 0.02838 0.00440 0.00019 ( 1)
  60 Q   0.89352 0.10066 0.00517 0.00066 ( 1)
  61 K   0.93930 0.05550 0.00483 0.00036 ( 1)
  62 C   0.93951 0.05526 0.00487 0.00036 ( 1)
  63 V   0.96582 0.02952 0.00447 0.00019 ( 1)
  64 G   0.93552 0.05919 0.00491 0.00039 ( 1)
  65 F   0.95930 0.03575 0.00472 0.00023 ( 1)
  66 E   0.94378 0.05106 0.00482 0.00033 ( 1)
  67 I   0.96224 0.03300 0.00454 0.00022 ( 1)
  68 S   0.91184 0.08250 0.00512 0.00054 ( 1)
  69 I   0.24470 0.74929 0.00112 0.00489 ( 2)
  70 F   0.96074 0.03446 0.00458 0.00023 ( 1)
  71 L   0.95304 0.04199 0.00470 0.00027 ( 1)
  72 Q   0.90211 0.09218 0.00511 0.00060 ( 1)
  73 T   0.75262 0.24198 0.00382 0.00158 ( 1)
  74 L   0.95304 0.04199 0.00470 0.00027 ( 1)
  75 A   0.94901 0.04604 0.00465 0.00030 ( 1)
  76 M   0.97360 0.02196 0.00429 0.00014 ( 1)
  77 I   0.96224 0.03300 0.00454 0.00022 ( 1)
  78 H   0.94274 0.05215 0.00477 0.00034 ( 1)
  79 S   0.95246 0.04255 0.00471 0.00028 ( 1)
  80 I   0.96704 0.02838 0.00440 0.00019 ( 1)
  81 E   0.93653 0.05829 0.00480 0.00038 ( 1)
  82 V   0.77252 0.19151 0.03472 0.00125 ( 1)
  83 I   0.73711 0.25785 0.00336 0.00168 ( 1)
  84 N   0.96668 0.02868 0.00445 0.00019 ( 1)
  85 N   0.96668 0.02868 0.00445 0.00019 ( 1)
  86 S   0.91184 0.08250 0.00512 0.00054 ( 1)
  87 T   0.94146 0.05334 0.00485 0.00035 ( 1)
  88 L   0.89811 0.09606 0.00521 0.00063 ( 1)
  89 L   0.91080 0.08359 0.00506 0.00055 ( 1)
  90 S   0.94683 0.04809 0.00476 0.00031 ( 1)
  91 G   0.91857 0.07589 0.00504 0.00050 ( 1)
  92 V   0.92574 0.06882 0.00499 0.00045 ( 1)
  93 K   0.94759 0.04734 0.00475 0.00031 ( 1)
  94 L   0.47916 0.51464 0.00284 0.00336 ( 2)
  95 G   0.91806 0.07632 0.00512 0.00050 ( 1)
  96 Y   0.94255 0.05228 0.00482 0.00034 ( 1)
  97 E   0.94378 0.05106 0.00482 0.00033 ( 1)
  98 I   0.95600 0.03914 0.00461 0.00026 ( 1)
  99 Y   0.94326 0.05158 0.00483 0.00034 ( 1)
 100 D   0.95405 0.04099 0.00469 0.00027 ( 1)
 101 T   0.96603 0.02931 0.00447 0.00019 ( 1)
 102 C   0.93621 0.05855 0.00485 0.00038 ( 1)
 103 T   0.09711 0.89208 0.00499 0.00583 ( 2)
 104 E   0.94378 0.05106 0.00482 0.00033 ( 1)
 105 V   0.95344 0.04159 0.00469 0.00027 ( 1)
 106 T   0.95026 0.04477 0.00468 0.00029 ( 1)
 107 M   0.59116 0.40301 0.00319 0.00263 ( 1)
 108 A   0.93494 0.05975 0.00491 0.00039 ( 1)
 109 M   0.26242 0.73163 0.00117 0.00478 ( 2)
 110 A   0.93494 0.05975 0.00491 0.00039 ( 1)
 111 A   0.96105 0.03415 0.00457 0.00022 ( 1)
 112 A   0.96105 0.03415 0.00457 0.00022 ( 1)
 113 L   0.87763 0.11640 0.00521 0.00076 ( 1)
 114 R   0.92998 0.06464 0.00496 0.00042 ( 1)
 115 F   0.96074 0.03446 0.00458 0.00023 ( 1)
 116 L   0.95236 0.04266 0.00470 0.00028 ( 1)
 117 S   0.93488 0.05980 0.00493 0.00039 ( 1)
 118 K   0.93872 0.05604 0.00488 0.00037 ( 1)
 119 F   0.67324 0.32127 0.00340 0.00210 ( 1)
 120 N   0.95778 0.03743 0.00454 0.00024 ( 1)
 121 C   0.56536 0.42877 0.00307 0.00280 ( 1)
 122 S   0.93290 0.06158 0.00512 0.00040 ( 1)
 123 R   0.63325 0.36104 0.00335 0.00236 ( 1)
 124 E   0.65732 0.33702 0.00345 0.00220 ( 1)
 125 M   0.15674 0.83004 0.00780 0.00542 ( 2)
 126 M   0.77705 0.21810 0.00342 0.00142 ( 1)
 127 E   0.93425 0.06040 0.00495 0.00039 ( 1)
 128 F   0.71561 0.27915 0.00342 0.00182 ( 1)
 129 K   0.93872 0.05604 0.00488 0.00037 ( 1)
 130 C   0.93892 0.05585 0.00487 0.00036 ( 1)
 131 D   0.70770 0.28694 0.00348 0.00187 ( 1)
 132 Y   0.61422 0.38002 0.00328 0.00248 ( 1)
 133 S   0.93336 0.06131 0.00493 0.00040 ( 1)
 134 T   0.17486 0.81147 0.00836 0.00530 ( 2)
 135 Y   0.93485 0.05980 0.00496 0.00039 ( 1)
 136 I   0.01392 0.97937 0.00031 0.00640 ( 2)
 137 P   0.91907 0.07537 0.00507 0.00049 ( 1)
 138 R   0.93058 0.06409 0.00492 0.00042 ( 1)
 139 V   0.96226 0.03306 0.00446 0.00022 ( 1)
 140 K   0.93872 0.05604 0.00488 0.00037 ( 1)
 141 A   0.96105 0.03415 0.00457 0.00022 ( 1)
 142 V   0.95528 0.03976 0.00470 0.00026 ( 1)
 143 I   0.96224 0.03300 0.00454 0.00022 ( 1)
 144 G   0.95028 0.04468 0.00474 0.00029 ( 1)
 145 A   0.70578 0.28887 0.00347 0.00189 ( 1)
 146 G   0.93552 0.05919 0.00491 0.00039 ( 1)
 147 Y   0.92847 0.06613 0.00497 0.00043 ( 1)
 148 S   0.90774 0.08660 0.00510 0.00057 ( 1)
 149 E   0.94378 0.05106 0.00482 0.00033 ( 1)
 150 I   0.96224 0.03300 0.00454 0.00022 ( 1)
 151 T   0.95504 0.04015 0.00456 0.00026 ( 1)
 152 I   0.03809 0.95459 0.00109 0.00624 ( 2)
 153 A   0.96105 0.03415 0.00457 0.00022 ( 1)
 154 V   0.95344 0.04159 0.00469 0.00027 ( 1)
 155 S   0.93336 0.06131 0.00493 0.00040 ( 1)
 156 R   0.93191 0.06271 0.00497 0.00041 ( 1)
 157 M   0.80160 0.19360 0.00354 0.00126 ( 1)
 158 L   0.89828 0.09603 0.00506 0.00063 ( 1)
 159 N   0.73684 0.25801 0.00346 0.00169 ( 1)
 160 L   0.91304 0.08136 0.00507 0.00053 ( 1)
 161 Q   0.89352 0.10066 0.00517 0.00066 ( 1)
 162 L   0.94711 0.04767 0.00490 0.00031 ( 1)
 163 M   0.80160 0.19360 0.00354 0.00126 ( 1)
 164 P   0.92338 0.07106 0.00510 0.00046 ( 1)
 165 Q   0.89352 0.10066 0.00517 0.00066 ( 1)
 166 V   0.92574 0.06882 0.00499 0.00045 ( 1)
 167 S   0.96440 0.03089 0.00451 0.00020 ( 1)
 168 F   0.63606 0.35828 0.00332 0.00234 ( 1)
 169 E   0.94378 0.05106 0.00482 0.00033 ( 1)
 170 S   0.90818 0.08616 0.00510 0.00056 ( 1)
 171 T   0.96603 0.02931 0.00447 0.00019 ( 1)
 172 A   0.93494 0.05975 0.00491 0.00039 ( 1)
 173 E   0.94378 0.05106 0.00482 0.00033 ( 1)
 174 I   0.96384 0.03133 0.00462 0.00020 ( 1)
 175 L   0.90001 0.09435 0.00502 0.00062 ( 1)
 176 S   0.96440 0.03089 0.00451 0.00020 ( 1)
 177 D   0.95405 0.04099 0.00469 0.00027 ( 1)
 178 K   0.94915 0.04580 0.00475 0.00030 ( 1)
 179 I   0.96828 0.02714 0.00440 0.00018 ( 1)
 180 R   0.90134 0.09268 0.00537 0.00061 ( 1)
 181 F   0.96074 0.03446 0.00458 0.00023 ( 1)
 182 P   0.94427 0.05058 0.00482 0.00033 ( 1)
 183 S   0.91184 0.08250 0.00512 0.00054 ( 1)
 184 F   0.96074 0.03446 0.00458 0.00023 ( 1)
 185 L   0.91304 0.08136 0.00507 0.00053 ( 1)
 186 R   0.87947 0.11459 0.00520 0.00075 ( 1)
 187 T   0.96603 0.02931 0.00447 0.00019 ( 1)
 188 V   0.59674 0.39752 0.00314 0.00260 ( 1)
 189 P   0.92814 0.06647 0.00496 0.00043 ( 1)
 190 S   0.96440 0.03089 0.00451 0.00020 ( 1)
 191 D   0.95405 0.04099 0.00469 0.00027 ( 1)
 192 F   0.94925 0.04569 0.00475 0.00030 ( 1)
 193 Y   0.94326 0.05158 0.00483 0.00034 ( 1)
 194 Q   0.90421 0.09008 0.00512 0.00059 ( 1)
 195 T   0.95908 0.03585 0.00483 0.00023 ( 1)
 196 K   0.94915 0.04580 0.00475 0.00030 ( 1)
 197 A   0.93494 0.05975 0.00491 0.00039 ( 1)
 198 M   0.97360 0.02196 0.00429 0.00014 ( 1)
 199 V   0.73495 0.25994 0.00341 0.00170 ( 1)
 200 H   0.94064 0.05410 0.00490 0.00035 ( 1)
 201 L   0.87903 0.11500 0.00522 0.00075 ( 1)
 202 I   0.96828 0.02714 0.00440 0.00018 ( 1)
 203 Q   0.11708 0.87520 0.00200 0.00572 ( 2)
 204 K   0.94915 0.04580 0.00475 0.00030 ( 1)
 205 S   0.94623 0.04869 0.00476 0.00032 ( 1)
 206 G   0.92193 0.07276 0.00483 0.00048 ( 1)
 207 W   0.87845 0.11558 0.00521 0.00076 ( 1)
 208 N   0.95664 0.03846 0.00464 0.00025 ( 1)
 209 W   0.87845 0.11558 0.00521 0.00076 ( 1)
 210 I   0.96828 0.02714 0.00440 0.00018 ( 1)
 211 G   0.93912 0.05559 0.00493 0.00036 ( 1)
 212 I   0.71266 0.28216 0.00334 0.00184 ( 1)
 213 I   0.96224 0.03300 0.00454 0.00022 ( 1)
 214 A   0.58284 0.41108 0.00340 0.00269 ( 1)
 215 T   0.47567 0.51850 0.00245 0.00339 ( 2)
 216 D   0.96518 0.03013 0.00449 0.00020 ( 1)
 217 D   0.96518 0.03013 0.00449 0.00020 ( 1)
 218 D   0.95507 0.03998 0.00469 0.00026 ( 1)
 219 Y   0.94182 0.05290 0.00493 0.00035 ( 1)
 220 G   0.91857 0.07589 0.00504 0.00050 ( 1)
 221 R   0.87513 0.11887 0.00522 0.00078 ( 1)
 222 L   0.49747 0.49648 0.00280 0.00324 ( 1)
 223 A   0.96030 0.03490 0.00457 0.00023 ( 1)
 224 L   0.94032 0.05445 0.00488 0.00036 ( 1)
 225 N   0.96524 0.03012 0.00445 0.00020 ( 1)
 226 T   0.74732 0.24759 0.00347 0.00162 ( 1)
 227 F   0.73163 0.26316 0.00349 0.00172 ( 1)
 228 A   0.61336 0.38099 0.00316 0.00249 ( 1)
 229 I   0.96828 0.02714 0.00440 0.00018 ( 1)
 230 Q   0.89541 0.09877 0.00518 0.00065 ( 1)
 231 T   0.74223 0.25269 0.00343 0.00165 ( 1)
 232 T   0.13973 0.84801 0.00672 0.00554 ( 2)
 233 A   0.58765 0.40661 0.00309 0.00266 ( 1)
 234 N   0.96668 0.02868 0.00445 0.00019 ( 1)
 235 N   0.96541 0.02993 0.00446 0.00020 ( 1)
 236 V   0.53401 0.46007 0.00291 0.00301 ( 1)
 237 C   0.92616 0.06838 0.00500 0.00045 ( 1)
 238 I   0.96224 0.03300 0.00454 0.00022 ( 1)
 239 A   0.93995 0.05479 0.00490 0.00036 ( 1)
 240 F   0.95042 0.04463 0.00466 0.00029 ( 1)
 241 K   0.94915 0.04580 0.00475 0.00030 ( 1)
 242 E   0.94378 0.05106 0.00482 0.00033 ( 1)
 243 V   0.96582 0.02952 0.00447 0.00019 ( 1)
 244 L   0.94245 0.05231 0.00489 0.00034 ( 1)
 245 P   0.92338 0.07106 0.00510 0.00046 ( 1)
 246 A   0.67517 0.31926 0.00349 0.00209 ( 1)
 247 F   0.94983 0.04512 0.00476 0.00029 ( 1)
 248 L   0.86265 0.13210 0.00438 0.00086 ( 1)
 249 S   0.90818 0.08616 0.00510 0.00056 ( 1)
 250 D   0.96243 0.03287 0.00448 0.00021 ( 1)
 251 D   0.64045 0.35352 0.00372 0.00231 ( 1)
 252 T   0.95528 0.03976 0.00470 0.00026 ( 1)
 253 I   0.96348 0.03190 0.00442 0.00021 ( 1)
 254 D   0.59840 0.39496 0.00406 0.00258 ( 1)
 255 I   0.18741 0.79862 0.00876 0.00522 ( 2)
 256 K   0.14502 0.84418 0.00529 0.00551 ( 2)
 257 I   0.95788 0.03726 0.00462 0.00024 ( 1)
 258 N   0.96594 0.02942 0.00445 0.00019 ( 1)
 259 Q   0.89352 0.10066 0.00517 0.00066 ( 1)
 260 T   0.77278 0.22218 0.00358 0.00145 ( 1)
 261 L   0.95304 0.04199 0.00470 0.00027 ( 1)
 262 E   0.93189 0.06276 0.00494 0.00041 ( 1)
 263 K   0.94915 0.04580 0.00475 0.00030 ( 1)
 264 I   0.95788 0.03726 0.00462 0.00024 ( 1)
 265 I   0.22651 0.76739 0.00108 0.00501 ( 2)
 266 A   0.63318 0.36129 0.00318 0.00236 ( 1)
 267 E   0.94223 0.05261 0.00482 0.00034 ( 1)
 268 A   0.68113 0.31339 0.00344 0.00205 ( 1)
 269 Q   0.48337 0.51045 0.00284 0.00333 ( 2)
 270 V   0.68981 0.30464 0.00355 0.00199 ( 1)
 271 N   0.96668 0.02868 0.00445 0.00019 ( 1)
 272 V   0.95344 0.04159 0.00469 0.00027 ( 1)
 273 I   0.96828 0.02714 0.00440 0.00018 ( 1)
 274 V   0.92658 0.06798 0.00499 0.00044 ( 1)
 275 V   0.93996 0.05473 0.00496 0.00036 ( 1)
 276 F   0.96074 0.03446 0.00458 0.00023 ( 1)
 277 L   0.88157 0.11246 0.00524 0.00073 ( 1)
 278 R   0.93073 0.06389 0.00496 0.00042 ( 1)
 279 Q   0.90421 0.09008 0.00512 0.00059 ( 1)
 280 F   0.96074 0.03446 0.00458 0.00023 ( 1)
 281 H   0.95064 0.04434 0.00474 0.00029 ( 1)
 282 V   0.96582 0.02952 0.00447 0.00019 ( 1)
 283 F   0.94925 0.04569 0.00475 0.00030 ( 1)
 284 S   0.02932 0.96348 0.00091 0.00629 ( 2)
 285 L   0.93876 0.05600 0.00488 0.00037 ( 1)
 286 F   0.94925 0.04569 0.00475 0.00030 ( 1)
 287 S   0.22340 0.76191 0.00971 0.00498 ( 2)
 288 K   0.94915 0.04580 0.00475 0.00030 ( 1)
 289 A   0.66458 0.32991 0.00335 0.00216 ( 1)
 290 V   0.72712 0.23871 0.03262 0.00156 ( 1)
 291 E   0.94165 0.05319 0.00481 0.00035 ( 1)
 292 R   0.93194 0.06268 0.00497 0.00041 ( 1)
 293 N   0.96668 0.02868 0.00445 0.00019 ( 1)
 294 I   0.72247 0.27234 0.00341 0.00178 ( 1)
 295 R   0.02707 0.95449 0.01220 0.00624 ( 2)
 296 K   0.94059 0.05418 0.00488 0.00035 ( 1)
 297 T   0.68249 0.28513 0.03052 0.00186 ( 1)
 298 W   0.87845 0.11558 0.00521 0.00076 ( 1)
 299 I   0.96828 0.02714 0.00440 0.00018 ( 1)
 300 A   0.95357 0.04146 0.00470 0.00027 ( 1)
 301 S   0.96440 0.03089 0.00451 0.00020 ( 1)
 302 D   0.96389 0.03141 0.00449 0.00021 ( 1)
 303 N   0.96528 0.02992 0.00460 0.00020 ( 1)
 304 W   0.87845 0.11558 0.00521 0.00076 ( 1)
 305 S   0.90676 0.08757 0.00509 0.00057 ( 1)
 306 T   0.96603 0.02931 0.00447 0.00019 ( 1)
 307 A   0.64310 0.35136 0.00324 0.00230 ( 1)
 308 T   0.95210 0.04294 0.00469 0.00028 ( 1)
 309 K   0.94759 0.04734 0.00475 0.00031 ( 1)
 310 I   0.75888 0.23610 0.00348 0.00154 ( 1)
 311 T   0.95528 0.03976 0.00470 0.00026 ( 1)
 312 T   0.95684 0.03821 0.00471 0.00025 ( 1)
 313 I   0.96828 0.02714 0.00440 0.00018 ( 1)
 314 P   0.94099 0.05385 0.00480 0.00035 ( 1)
 315 N   0.96350 0.03184 0.00445 0.00021 ( 1)
 316 I   0.76390 0.23110 0.00349 0.00151 ( 1)
 317 K   0.14734 0.84251 0.00464 0.00550 ( 2)
 318 R   0.60572 0.38851 0.00323 0.00254 ( 1)
 319 I   0.96828 0.02714 0.00440 0.00018 ( 1)
 320 G   0.93552 0.05919 0.00491 0.00039 ( 1)
 321 K   0.94915 0.04580 0.00475 0.00030 ( 1)
 322 V   0.96582 0.02952 0.00447 0.00019 ( 1)
 323 V   0.93260 0.06213 0.00486 0.00041 ( 1)
 324 G   0.91435 0.07998 0.00515 0.00052 ( 1)
 325 F   0.95907 0.03612 0.00457 0.00024 ( 1)
 326 S   0.66455 0.30036 0.03313 0.00196 ( 1)
 327 F   0.95793 0.03727 0.00456 0.00024 ( 1)
 328 R   0.93892 0.05586 0.00486 0.00036 ( 1)
 329 R   0.94023 0.05455 0.00486 0.00036 ( 1)
 330 G   0.90640 0.08792 0.00511 0.00057 ( 1)
 331 N   0.76903 0.22594 0.00355 0.00148 ( 1)
 332 M   0.97360 0.02196 0.00429 0.00014 ( 1)
 333 S   0.93336 0.06131 0.00493 0.00040 ( 1)
 334 S   0.94704 0.04788 0.00476 0.00031 ( 1)
 335 F   0.95035 0.04461 0.00475 0.00029 ( 1)
 336 H   0.95064 0.04434 0.00474 0.00029 ( 1)
 337 S   0.93336 0.06131 0.00493 0.00040 ( 1)
 338 F   0.96074 0.03446 0.00458 0.00023 ( 1)
 339 L   0.66291 0.33165 0.00327 0.00217 ( 1)
 340 Q   0.10442 0.88918 0.00059 0.00581 ( 2)
 341 N   0.76035 0.23449 0.00363 0.00153 ( 1)
 342 L   0.90100 0.09304 0.00535 0.00061 ( 1)
 343 H   0.94925 0.04572 0.00474 0.00030 ( 1)
 344 M   0.97360 0.02196 0.00429 0.00014 ( 1)
 345 F   0.19205 0.80179 0.00092 0.00524 ( 2)
 346 P   0.92922 0.06539 0.00496 0.00043 ( 1)
 347 N   0.02414 0.96851 0.00103 0.00633 ( 2)
 348 D   0.96352 0.03179 0.00448 0.00021 ( 1)
 349 N   0.76269 0.23228 0.00351 0.00152 ( 1)
 350 N   0.95770 0.03742 0.00464 0.00024 ( 1)
 351 K   0.93944 0.05532 0.00488 0.00036 ( 1)
 352 P   0.01653 0.97668 0.00040 0.00638 ( 2)
 353 L   0.53274 0.46124 0.00300 0.00301 ( 1)
 354 N   0.15877 0.83475 0.00102 0.00545 ( 2)
 355 E   0.94165 0.05319 0.00481 0.00035 ( 1)
 356 Y   0.60892 0.38541 0.00315 0.00252 ( 1)
 357 A   0.01677 0.97675 0.00010 0.00638 ( 2)
 358 V   0.11162 0.87763 0.00502 0.00573 ( 2)
 359 L   0.93728 0.05748 0.00487 0.00038 ( 1)
 360 L   0.90711 0.08721 0.00511 0.00057 ( 1)
 361 S   0.67236 0.32215 0.00338 0.00210 ( 1)
 362 A   0.68143 0.31309 0.00344 0.00205 ( 1)
 363 C   0.93951 0.05526 0.00487 0.00036 ( 1)
 364 A   0.93612 0.05858 0.00492 0.00038 ( 1)
 365 Y   0.14828 0.84532 0.00088 0.00552 ( 2)
 366 A   0.19500 0.79571 0.00409 0.00520 ( 2)
 367 K   0.93872 0.05604 0.00488 0.00037 ( 1)
 368 D   0.19090 0.80288 0.00097 0.00525 ( 2)
 369 N   0.73911 0.22766 0.03174 0.00149 ( 1)
 370 D   0.96007 0.03516 0.00454 0.00023 ( 1)
 371 F   0.66210 0.33241 0.00332 0.00217 ( 1)
 372 S   0.96313 0.03215 0.00451 0.00021 ( 1)
 373 Q   0.90271 0.09150 0.00520 0.00060 ( 1)
 374 C   0.92482 0.06973 0.00500 0.00046 ( 1)
 375 I   0.96828 0.02714 0.00440 0.00018 ( 1)
 376 Y   0.58296 0.38406 0.03048 0.00251 ( 1)
 377 N   0.95794 0.03717 0.00465 0.00024 ( 1)
 378 H   0.67652 0.31802 0.00338 0.00208 ( 1)
 379 S   0.94486 0.05006 0.00475 0.00033 ( 1)
 380 Q   0.89745 0.09682 0.00509 0.00063 ( 1)
 381 G   0.12225 0.86932 0.00276 0.00568 ( 2)
 382 T   0.15753 0.83604 0.00097 0.00546 ( 2)
 383 L   0.67806 0.31587 0.00400 0.00206 ( 1)
 384 A   0.67711 0.31740 0.00342 0.00207 ( 1)
 385 Y   0.60462 0.38960 0.00324 0.00255 ( 1)
 386 K   0.64761 0.34676 0.00336 0.00227 ( 1)
 387 A   0.18733 0.80638 0.00102 0.00527 ( 2)
 388 N   0.17239 0.82127 0.00097 0.00537 ( 2)
 389 K   0.62574 0.36860 0.00325 0.00241 ( 1)
 390 D   0.96518 0.03013 0.00449 0.00020 ( 1)
 391 I   0.21483 0.77906 0.00102 0.00509 ( 2)
 392 E   0.94378 0.05106 0.00482 0.00033 ( 1)
 393 R   0.93316 0.06148 0.00496 0.00040 ( 1)
 394 N   0.72056 0.27415 0.00350 0.00179 ( 1)
 395 F   0.18292 0.81087 0.00092 0.00530 ( 2)
 396 S   0.93706 0.05762 0.00495 0.00038 ( 1)
 397 L   0.87963 0.11439 0.00523 0.00075 ( 1)
 398 R   0.90710 0.08736 0.00497 0.00057 ( 1)
 399 N   0.75445 0.24050 0.00348 0.00157 ( 1)
 400 D   0.95405 0.04099 0.00469 0.00027 ( 1)
 401 F   0.94925 0.04569 0.00475 0.00030 ( 1)
 402 L   0.88733 0.10716 0.00481 0.00070 ( 1)
 403 W   0.87845 0.11558 0.00521 0.00076 ( 1)
 404 D   0.96450 0.03081 0.00449 0.00020 ( 1)
 405 Y   0.93022 0.06450 0.00486 0.00042 ( 1)
 406 T   0.96525 0.03008 0.00447 0.00020 ( 1)
 407 E   0.93189 0.06276 0.00494 0.00041 ( 1)
 408 P   0.91859 0.07575 0.00516 0.00049 ( 1)
 409 G   0.91857 0.07589 0.00504 0.00050 ( 1)
 410 L   0.95304 0.04199 0.00470 0.00027 ( 1)
 411 V   0.96582 0.02952 0.00447 0.00019 ( 1)
 412 H   0.93763 0.05711 0.00489 0.00037 ( 1)
 413 S   0.76136 0.23355 0.00356 0.00153 ( 1)
 414 I   0.76578 0.22897 0.00375 0.00150 ( 1)
 415 Q   0.49507 0.49881 0.00286 0.00326 ( 2)
 416 L   0.94391 0.05087 0.00489 0.00033 ( 1)
 417 A   0.94686 0.04807 0.00476 0.00031 ( 1)
 418 V   0.92574 0.06882 0.00499 0.00045 ( 1)
 419 F   0.95907 0.03612 0.00457 0.00024 ( 1)
 420 A   0.94750 0.04741 0.00478 0.00031 ( 1)
 421 L   0.94844 0.04611 0.00515 0.00030 ( 1)
 422 G   0.95028 0.04468 0.00474 0.00029 ( 1)
 423 H   0.95064 0.04434 0.00474 0.00029 ( 1)
 424 A   0.94896 0.04612 0.00462 0.00030 ( 1)
 425 I   0.75789 0.23711 0.00345 0.00155 ( 1)
 426 R   0.45333 0.54044 0.00270 0.00353 ( 2)
 427 D   0.74958 0.24516 0.00366 0.00160 ( 1)
 428 L   0.89008 0.10401 0.00523 0.00068 ( 1)
 429 C   0.92827 0.06628 0.00502 0.00043 ( 1)
 430 Q   0.90421 0.09008 0.00512 0.00059 ( 1)
 431 A   0.14590 0.84762 0.00094 0.00554 ( 2)
 432 R   0.88122 0.11308 0.00497 0.00074 ( 1)
 433 D   0.70574 0.28891 0.00347 0.00189 ( 1)
 434 C   0.93951 0.05526 0.00487 0.00036 ( 1)
 435 Q   0.47880 0.51502 0.00281 0.00336 ( 2)
 436 N   0.68540 0.30925 0.00333 0.00202 ( 1)
 437 P   0.60361 0.39061 0.00323 0.00255 ( 1)
 438 N   0.22051 0.77325 0.00118 0.00505 ( 2)
 439 A   0.94820 0.04671 0.00478 0.00031 ( 1)
 440 F   0.96074 0.03446 0.00458 0.00023 ( 1)
 441 Q   0.90421 0.09008 0.00512 0.00059 ( 1)
 442 P   0.91624 0.07819 0.00506 0.00051 ( 1)
 443 W   0.87845 0.11558 0.00521 0.00076 ( 1)
 444 E   0.93189 0.06276 0.00494 0.00041 ( 1)
 445 L   0.91304 0.08136 0.00507 0.00053 ( 1)
 446 L   0.95304 0.04199 0.00470 0.00027 ( 1)
 447 D   0.74410 0.25079 0.00346 0.00164 ( 1)
 448 A   0.57115 0.39829 0.02796 0.00260 ( 1)
 449 L   0.88488 0.10915 0.00525 0.00071 ( 1)
 450 K   0.67129 0.32323 0.00337 0.00211 ( 1)
 451 N   0.96528 0.02992 0.00460 0.00020 ( 1)
 452 V   0.92574 0.06882 0.00499 0.00045 ( 1)
 453 T   0.94146 0.05334 0.00485 0.00035 ( 1)
 454 F   0.94925 0.04569 0.00475 0.00030 ( 1)
 455 T   0.96603 0.02931 0.00447 0.00019 ( 1)
 456 D   0.96518 0.03013 0.00449 0.00020 ( 1)
 457 G   0.92320 0.07127 0.00507 0.00047 ( 1)
 458 G   0.91114 0.08318 0.00513 0.00054 ( 1)
 459 K   0.19708 0.78886 0.00891 0.00515 ( 2)
 460 S   0.92647 0.06791 0.00518 0.00044 ( 1)
 461 F   0.96074 0.03446 0.00458 0.00023 ( 1)
 462 H   0.95064 0.04434 0.00474 0.00029 ( 1)
 463 F   0.96074 0.03446 0.00458 0.00023 ( 1)
 464 D   0.96243 0.03287 0.00448 0.00021 ( 1)
 465 A   0.16886 0.82490 0.00085 0.00539 ( 2)
 466 H   0.95064 0.04434 0.00474 0.00029 ( 1)
 467 G   0.90753 0.08679 0.00512 0.00057 ( 1)
 468 D   0.96518 0.03013 0.00449 0.00020 ( 1)
 469 M   0.97360 0.02196 0.00429 0.00014 ( 1)
 470 N   0.96069 0.03458 0.00450 0.00023 ( 1)
 471 T   0.96464 0.03054 0.00462 0.00020 ( 1)
 472 G   0.91144 0.08301 0.00501 0.00054 ( 1)
 473 Y   0.94151 0.05333 0.00482 0.00035 ( 1)
 474 D   0.96389 0.03141 0.00449 0.00021 ( 1)
 475 V   0.96443 0.03075 0.00462 0.00020 ( 1)
 476 V   0.94124 0.05335 0.00507 0.00035 ( 1)
 477 L   0.93876 0.05600 0.00488 0.00037 ( 1)
 478 W   0.87845 0.11558 0.00521 0.00076 ( 1)
 479 K   0.94074 0.05402 0.00489 0.00035 ( 1)
 480 E   0.93224 0.06241 0.00494 0.00041 ( 1)
 481 I   0.96709 0.02831 0.00442 0.00018 ( 1)
 482 N   0.02816 0.96539 0.00014 0.00631 ( 2)
 483 G   0.93748 0.05723 0.00492 0.00037 ( 1)
 484 H   0.94442 0.05037 0.00488 0.00033 ( 1)
 485 M   0.80291 0.19230 0.00354 0.00126 ( 1)
 486 T   0.96130 0.03403 0.00445 0.00022 ( 1)
 487 I   0.72646 0.26807 0.00372 0.00175 ( 1)
 488 T   0.70599 0.28865 0.00348 0.00189 ( 1)
 489 K   0.66342 0.33097 0.00345 0.00216 ( 1)
 490 I   0.78685 0.17918 0.03280 0.00117 ( 1)
 491 A   0.93494 0.05975 0.00491 0.00039 ( 1)
 492 Q   0.90421 0.09008 0.00512 0.00059 ( 1)
 493 Y   0.94326 0.05158 0.00483 0.00034 ( 1)
 494 D   0.95886 0.03641 0.00449 0.00024 ( 1)
 495 L   0.87763 0.11640 0.00521 0.00076 ( 1)
 496 K   0.93872 0.05604 0.00488 0.00037 ( 1)
 497 N   0.96668 0.02868 0.00445 0.00019 ( 1)
 498 D   0.96518 0.03013 0.00449 0.00020 ( 1)
 499 V   0.95344 0.04159 0.00469 0.00027 ( 1)
 500 F   0.94925 0.04569 0.00475 0.00030 ( 1)
 501 I   0.70031 0.29440 0.00337 0.00192 ( 1)
 502 I   0.72646 0.26807 0.00372 0.00175 ( 1)
 503 T   0.63270 0.36168 0.00326 0.00236 ( 1)
 504 D   0.70360 0.29104 0.00346 0.00190 ( 1)
 505 Q   0.90421 0.09008 0.00512 0.00059 ( 1)
 506 E   0.94378 0.05106 0.00482 0.00033 ( 1)
 507 T   0.14551 0.84817 0.00078 0.00554 ( 2)
 508 K   0.94915 0.04580 0.00475 0.00030 ( 1)
 509 N   0.75598 0.23898 0.00348 0.00156 ( 1)
 510 E   0.93189 0.06276 0.00494 0.00041 ( 1)
 511 L   0.14366 0.84416 0.00666 0.00551 ( 2)
 512 R   0.01851 0.97502 0.00010 0.00637 ( 2)
 513 N   0.21554 0.77838 0.00099 0.00509 ( 2)
 514 L   0.95304 0.04199 0.00470 0.00027 ( 1)
 515 K   0.93872 0.05604 0.00488 0.00037 ( 1)
 516 Q   0.50286 0.49103 0.00291 0.00321 ( 1)
 517 I   0.96828 0.02714 0.00440 0.00018 ( 1)
 518 Q   0.09114 0.90244 0.00053 0.00590 ( 2)
 519 S   0.92743 0.06745 0.00468 0.00044 ( 1)
 520 K   0.94915 0.04580 0.00475 0.00030 ( 1)
 521 C   0.92482 0.06973 0.00500 0.00046 ( 1)
 522 S   0.93336 0.06131 0.00493 0.00040 ( 1)
 523 K   0.94267 0.05225 0.00474 0.00034 ( 1)
 524 E   0.94378 0.05106 0.00482 0.00033 ( 1)
 525 C   0.92827 0.06628 0.00502 0.00043 ( 1)
 526 S   0.96313 0.03215 0.00451 0.00021 ( 1)
 527 P   0.94427 0.05058 0.00482 0.00033 ( 1)
 528 G   0.90832 0.08607 0.00505 0.00056 ( 1)
 529 Q   0.90421 0.09008 0.00512 0.00059 ( 1)
 530 M   0.97360 0.02196 0.00429 0.00014 ( 1)
 531 K   0.93872 0.05604 0.00488 0.00037 ( 1)
 532 K   0.94715 0.04779 0.00475 0.00031 ( 1)
 533 T   0.96399 0.03108 0.00472 0.00020 ( 1)
 534 T   0.94442 0.05039 0.00486 0.00033 ( 1)
 535 R   0.55072 0.44318 0.00321 0.00290 ( 1)
 536 S   0.96380 0.03149 0.00451 0.00021 ( 1)
 537 Q   0.90211 0.09218 0.00511 0.00060 ( 1)
 538 H   0.94916 0.04567 0.00486 0.00030 ( 1)
 539 V   0.68663 0.28088 0.03065 0.00183 ( 1)
 540 C   0.92482 0.06973 0.00500 0.00046 ( 1)
 541 C   0.92540 0.06914 0.00500 0.00045 ( 1)
 542 Y   0.94326 0.05158 0.00483 0.00034 ( 1)
 543 E   0.19355 0.79876 0.00247 0.00522 ( 2)
 544 C   0.93951 0.05526 0.00487 0.00036 ( 1)
 545 V   0.92574 0.06882 0.00499 0.00045 ( 1)
 546 N   0.95664 0.03846 0.00464 0.00025 ( 1)
 547 C   0.93951 0.05526 0.00487 0.00036 ( 1)
 548 P   0.94427 0.05058 0.00482 0.00033 ( 1)
 549 E   0.94057 0.05427 0.00481 0.00035 ( 1)
 550 N   0.96668 0.02868 0.00445 0.00019 ( 1)
 551 H   0.94064 0.05410 0.00490 0.00035 ( 1)
 552 Y   0.59102 0.40318 0.00316 0.00263 ( 1)
 553 T   0.64100 0.35325 0.00344 0.00231 ( 1)
 554 N   0.96668 0.02868 0.00445 0.00019 ( 1)
 555 Q   0.89352 0.10066 0.00517 0.00066 ( 1)
 556 T   0.61714 0.37722 0.00318 0.00246 ( 1)
 557 D   0.96518 0.03013 0.00449 0.00020 ( 1)
 558 M   0.97360 0.02196 0.00429 0.00014 ( 1)
 559 D   0.96352 0.03179 0.00448 0.00021 ( 1)
 560 H   0.94313 0.05181 0.00472 0.00034 ( 1)
 561 C   0.92482 0.06973 0.00500 0.00046 ( 1)
 562 L   0.68535 0.30924 0.00339 0.00202 ( 1)
 563 L   0.90933 0.08506 0.00505 0.00056 ( 1)
 564 C   0.92482 0.06973 0.00500 0.00046 ( 1)
 565 N   0.95664 0.03846 0.00464 0.00025 ( 1)
 566 N   0.23049 0.76332 0.00121 0.00499 ( 2)
 567 E   0.94378 0.05106 0.00482 0.00033 ( 1)
 568 T   0.96603 0.02931 0.00447 0.00019 ( 1)
 569 Q   0.60737 0.35983 0.03045 0.00235 ( 1)
 570 W   0.87845 0.11558 0.00521 0.00076 ( 1)
 571 A   0.94710 0.04781 0.00478 0.00031 ( 1)
 572 P   0.94236 0.05249 0.00481 0.00034 ( 1)
 573 V   0.63040 0.36398 0.00324 0.00238 ( 1)
 574 K   0.45071 0.54340 0.00234 0.00355 ( 2)
 575 S   0.95759 0.03766 0.00450 0.00025 ( 1)
 576 T   0.94146 0.05334 0.00485 0.00035 ( 1)
 577 T   0.27424 0.70879 0.01234 0.00463 ( 2)
 578 C   0.92667 0.06787 0.00501 0.00044 ( 1)
 579 F   0.96074 0.03446 0.00458 0.00023 ( 1)
 580 E   0.94378 0.05106 0.00482 0.00033 ( 1)
 581 K   0.93872 0.05604 0.00488 0.00037 ( 1)
 582 E   0.94305 0.05179 0.00482 0.00034 ( 1)
 583 V   0.93021 0.06436 0.00501 0.00042 ( 1)
 584 E   0.93263 0.06207 0.00489 0.00041 ( 1)
 585 Y   0.94326 0.05158 0.00483 0.00034 ( 1)
 586 L   0.94039 0.05449 0.00476 0.00036 ( 1)
 587 D   0.71259 0.25535 0.03040 0.00167 ( 1)
 588 W   0.87845 0.11558 0.00521 0.00076 ( 1)
 589 S   0.18946 0.79738 0.00795 0.00521 ( 2)
 590 D   0.96352 0.03179 0.00448 0.00021 ( 1)
 591 S   0.61528 0.37907 0.00317 0.00248 ( 1)
 592 L   0.90739 0.08693 0.00511 0.00057 ( 1)
 593 A   0.95517 0.03981 0.00476 0.00026 ( 1)
 594 I   0.68775 0.30693 0.00332 0.00201 ( 1)
 595 L   0.87903 0.11500 0.00522 0.00075 ( 1)
 596 L   0.94039 0.05449 0.00476 0.00036 ( 1)
 597 L   0.87763 0.11640 0.00521 0.00076 ( 1)
 598 A   0.94750 0.04741 0.00478 0.00031 ( 1)
 599 F   0.61767 0.35085 0.02919 0.00229 ( 1)
 600 S   0.93336 0.06131 0.00493 0.00040 ( 1)
 601 L   0.63955 0.35481 0.00332 0.00232 ( 1)
 602 L   0.88824 0.10605 0.00502 0.00069 ( 1)
 603 G   0.91747 0.07699 0.00504 0.00050 ( 1)
 604 I   0.95956 0.03558 0.00462 0.00023 ( 1)
 605 M   0.27420 0.71987 0.00122 0.00470 ( 2)
 606 S   0.70401 0.26253 0.03174 0.00172 ( 1)
 607 V   0.96582 0.02952 0.00447 0.00019 ( 1)
 608 L   0.90100 0.09304 0.00535 0.00061 ( 1)
 609 A   0.19185 0.79894 0.00399 0.00522 ( 2)
 610 I   0.96828 0.02714 0.00440 0.00018 ( 1)
 611 G   0.93552 0.05919 0.00491 0.00039 ( 1)
 612 I   0.96224 0.03300 0.00454 0.00022 ( 1)
 613 I   0.17019 0.82347 0.00097 0.00538 ( 2)
 614 F   0.95907 0.03612 0.00457 0.00024 ( 1)
 615 T   0.94146 0.05334 0.00485 0.00035 ( 1)
 616 R   0.64708 0.34730 0.00335 0.00227 ( 1)
 617 N   0.95664 0.03846 0.00464 0.00025 ( 1)
 618 L   0.87999 0.11404 0.00523 0.00075 ( 1)
 619 N   0.95664 0.03846 0.00464 0.00025 ( 1)
 620 T   0.94261 0.05220 0.00485 0.00034 ( 1)
 621 P   0.93900 0.05572 0.00492 0.00036 ( 1)
 622 I   0.63461 0.33536 0.02784 0.00219 ( 1)
 623 V   0.92574 0.06882 0.00499 0.00045 ( 1)
 624 K   0.94715 0.04779 0.00475 0.00031 ( 1)
 625 S   0.90818 0.08616 0.00510 0.00056 ( 1)
 626 S   0.94810 0.04682 0.00477 0.00031 ( 1)
 627 G   0.90640 0.08792 0.00511 0.00057 ( 1)
 628 G   0.91144 0.08301 0.00501 0.00054 ( 1)
 629 L   0.90392 0.09022 0.00527 0.00059 ( 1)
 630 M   0.00950 0.98341 0.00066 0.00642 ( 2)
 631 V   0.73289 0.26198 0.00342 0.00171 ( 1)
 632 S   0.58281 0.38567 0.02901 0.00252 ( 1)
 633 Y   0.94326 0.05158 0.00483 0.00034 ( 1)
 634 V   0.93684 0.05774 0.00504 0.00038 ( 1)
 635 M   0.70680 0.28792 0.00340 0.00188 ( 1)
 636 L   0.93876 0.05600 0.00488 0.00037 ( 1)
 637 F   0.13983 0.84812 0.00651 0.00554 ( 2)
 638 C   0.93951 0.05526 0.00487 0.00036 ( 1)
 639 H   0.95064 0.04434 0.00474 0.00029 ( 1)
 640 F   0.94925 0.04569 0.00475 0.00030 ( 1)
 641 L   0.94245 0.05231 0.00489 0.00034 ( 1)
 642 N   0.95664 0.03846 0.00464 0.00025 ( 1)
 643 F   0.96074 0.03446 0.00458 0.00023 ( 1)
 644 A   0.94596 0.04895 0.00477 0.00032 ( 1)
 645 S   0.95379 0.04122 0.00472 0.00027 ( 1)
 646 T   0.65075 0.34365 0.00335 0.00225 ( 1)
 647 G   0.13197 0.86168 0.00072 0.00563 ( 2)
 648 F   0.96074 0.03446 0.00458 0.00023 ( 1)
 649 F   0.95424 0.04092 0.00457 0.00027 ( 1)
 650 V   0.63519 0.35868 0.00378 0.00234 ( 1)
 651 G   0.91857 0.07589 0.00504 0.00050 ( 1)
 652 E   0.94057 0.05427 0.00481 0.00035 ( 1)
 653 P   0.92429 0.07016 0.00510 0.00046 ( 1)
 654 Q   0.90211 0.09218 0.00511 0.00060 ( 1)
 655 D   0.70373 0.29080 0.00357 0.00190 ( 1)
 656 F   0.94925 0.04569 0.00475 0.00030 ( 1)
 657 T   0.94307 0.05174 0.00485 0.00034 ( 1)
 658 C   0.93621 0.05855 0.00485 0.00038 ( 1)
 659 K   0.94915 0.04580 0.00475 0.00030 ( 1)
 660 T   0.95350 0.04153 0.00469 0.00027 ( 1)
 661 R   0.93194 0.06268 0.00497 0.00041 ( 1)
 662 Q   0.89352 0.10066 0.00517 0.00066 ( 1)
 663 T   0.94146 0.05334 0.00485 0.00035 ( 1)
 664 L   0.89672 0.09772 0.00492 0.00064 ( 1)
 665 F   0.96074 0.03446 0.00458 0.00023 ( 1)
 666 G   0.94706 0.04790 0.00473 0.00031 ( 1)
 667 V   0.52830 0.46581 0.00285 0.00304 ( 1)
 668 S   0.96313 0.03215 0.00451 0.00021 ( 1)
 669 F   0.96074 0.03446 0.00458 0.00023 ( 1)
 670 T   0.95528 0.03976 0.00470 0.00026 ( 1)
 671 L   0.93876 0.05600 0.00488 0.00037 ( 1)
 672 C   0.92667 0.06787 0.00501 0.00044 ( 1)
 673 I   0.76470 0.23030 0.00349 0.00150 ( 1)
 674 S   0.93336 0.06131 0.00493 0.00040 ( 1)
 675 C   0.92542 0.06913 0.00500 0.00045 ( 1)
 676 I   0.96828 0.02714 0.00440 0.00018 ( 1)
 677 L   0.90711 0.08721 0.00511 0.00057 ( 1)
 678 M   0.97360 0.02196 0.00429 0.00014 ( 1)
 679 K   0.93944 0.05532 0.00488 0.00036 ( 1)
 680 S   0.93945 0.05528 0.00491 0.00036 ( 1)
 681 L   0.88000 0.11413 0.00512 0.00075 ( 1)
 682 K   0.94915 0.04580 0.00475 0.00030 ( 1)
 683 I   0.96828 0.02714 0.00440 0.00018 ( 1)
 684 L   0.90266 0.09166 0.00508 0.00060 ( 1)
 685 L   0.88570 0.10833 0.00526 0.00071 ( 1)
 686 A   0.95931 0.03589 0.00457 0.00023 ( 1)
 687 F   0.95220 0.04275 0.00476 0.00028 ( 1)
 688 T   0.65529 0.30897 0.03372 0.00202 ( 1)
 689 F   0.96074 0.03446 0.00458 0.00023 ( 1)
 690 D   0.96376 0.03139 0.00464 0.00021 ( 1)
 691 P   0.91425 0.08018 0.00504 0.00052 ( 1)
 692 K   0.94074 0.05402 0.00489 0.00035 ( 1)
 693 L   0.89170 0.10259 0.00504 0.00067 ( 1)
 694 Q   0.89352 0.10066 0.00517 0.00066 ( 1)
 695 N   0.96524 0.03012 0.00445 0.00020 ( 1)
 696 F   0.70509 0.28954 0.00348 0.00189 ( 1)
 697 L   0.89079 0.10359 0.00495 0.00068 ( 1)
 698 K   0.93944 0.05532 0.00488 0.00036 ( 1)
 699 C   0.13953 0.85416 0.00073 0.00558 ( 2)
 700 L   0.94039 0.05449 0.00476 0.00036 ( 1)
 701 Y   0.94326 0.05158 0.00483 0.00034 ( 1)
 702 K   0.94354 0.05133 0.00479 0.00034 ( 1)
 703 P   0.91624 0.07819 0.00506 0.00051 ( 1)
 704 V   0.21693 0.77387 0.00415 0.00506 ( 2)
 705 P   0.93292 0.06169 0.00498 0.00040 ( 1)
 706 I   0.02188 0.97128 0.00050 0.00635 ( 2)
 707 V   0.57322 0.42054 0.00349 0.00275 ( 1)
 708 F   0.14760 0.84609 0.00078 0.00553 ( 2)
 709 T   0.96318 0.03215 0.00446 0.00021 ( 1)
 710 C   0.92482 0.06973 0.00500 0.00046 ( 1)
 711 T   0.93473 0.06001 0.00487 0.00039 ( 1)
 712 G   0.94362 0.05115 0.00490 0.00033 ( 1)
 713 V   0.68663 0.28088 0.03065 0.00183 ( 1)
 714 Q   0.89678 0.09745 0.00513 0.00064 ( 1)
 715 V   0.22212 0.76923 0.00362 0.00503 ( 2)
 716 V   0.69963 0.29486 0.00358 0.00193 ( 1)
 717 I   0.96551 0.02990 0.00439 0.00020 ( 1)
 718 C   0.92667 0.06787 0.00501 0.00044 ( 1)
 719 T   0.94615 0.04866 0.00487 0.00032 ( 1)
 720 L   0.57599 0.41792 0.00336 0.00273 ( 1)
 721 W   0.87845 0.11558 0.00521 0.00076 ( 1)
 722 L   0.89282 0.10141 0.00511 0.00066 ( 1)
 723 I   0.23947 0.75031 0.00532 0.00490 ( 2)
 724 F   0.72639 0.26834 0.00351 0.00175 ( 1)
 725 A   0.93494 0.05975 0.00491 0.00039 ( 1)
 726 A   0.94187 0.05284 0.00495 0.00035 ( 1)
 727 P   0.94427 0.05058 0.00482 0.00033 ( 1)
 728 A   0.03081 0.96230 0.00061 0.00629 ( 2)
 729 V   0.94534 0.04992 0.00441 0.00033 ( 1)
 730 E   0.36542 0.62851 0.00196 0.00411 ( 2)
 731 E   0.93283 0.06182 0.00495 0.00040 ( 1)
 732 N   0.96524 0.03012 0.00445 0.00020 ( 1)
 733 V   0.70305 0.29158 0.00346 0.00190 ( 1)
 734 S   0.93336 0.06131 0.00493 0.00040 ( 1)
 735 L   0.56860 0.42542 0.00320 0.00278 ( 1)
 736 P   0.92922 0.06539 0.00496 0.00043 ( 1)
 737 R   0.94023 0.05455 0.00486 0.00036 ( 1)
 738 I   0.66681 0.30137 0.02985 0.00197 ( 1)
 739 I   0.96828 0.02714 0.00440 0.00018 ( 1)
 740 I   0.95941 0.03587 0.00448 0.00023 ( 1)
 741 L   0.88800 0.10603 0.00528 0.00069 ( 1)
 742 E   0.61675 0.37763 0.00315 0.00247 ( 1)
 743 C   0.93951 0.05526 0.00487 0.00036 ( 1)
 744 E   0.93827 0.05639 0.00497 0.00037 ( 1)
 745 E   0.93351 0.06121 0.00489 0.00040 ( 1)
 746 G   0.91857 0.07589 0.00504 0.00050 ( 1)
 747 S   0.93336 0.06131 0.00493 0.00040 ( 1)
 748 I   0.18101 0.81276 0.00092 0.00531 ( 2)
 749 L   0.92950 0.06458 0.00550 0.00042 ( 1)
 750 A   0.93494 0.05975 0.00491 0.00039 ( 1)
 751 F   0.96074 0.03446 0.00458 0.00023 ( 1)
 752 G   0.14442 0.84927 0.00076 0.00555 ( 2)
 753 T   0.19437 0.79945 0.00096 0.00522 ( 2)
 754 M   0.97360 0.02196 0.00429 0.00014 ( 1)
 755 L   0.88539 0.10873 0.00517 0.00071 ( 1)
 756 G   0.93552 0.05919 0.00491 0.00039 ( 1)
 757 Y   0.94010 0.05471 0.00483 0.00036 ( 1)
 758 I   0.76450 0.23024 0.00375 0.00150 ( 1)
 759 A   0.95021 0.04471 0.00479 0.00029 ( 1)
 760 I   0.96256 0.03278 0.00445 0.00021 ( 1)
 761 L   0.89126 0.10277 0.00529 0.00067 ( 1)
 762 A   0.95117 0.04375 0.00479 0.00029 ( 1)
 763 F   0.14291 0.85067 0.00087 0.00556 ( 2)
 764 I   0.96828 0.02714 0.00440 0.00018 ( 1)
 765 C   0.92620 0.06844 0.00491 0.00045 ( 1)
 766 F   0.95205 0.04290 0.00477 0.00028 ( 1)
 767 I   0.13886 0.85135 0.00423 0.00556 ( 2)
 768 F   0.72901 0.26578 0.00348 0.00174 ( 1)
 769 A   0.94750 0.04741 0.00478 0.00031 ( 1)
 770 F   0.94925 0.04569 0.00475 0.00030 ( 1)
 771 K   0.94915 0.04580 0.00475 0.00030 ( 1)
 772 G   0.93552 0.05919 0.00491 0.00039 ( 1)
 773 R   0.92998 0.06464 0.00496 0.00042 ( 1)
 774 K   0.94715 0.04779 0.00475 0.00031 ( 1)
 775 L   0.89792 0.09640 0.00505 0.00063 ( 1)
 776 P   0.93980 0.05504 0.00480 0.00036 ( 1)
 777 E   0.93425 0.06040 0.00495 0.00039 ( 1)
 778 N   0.96668 0.02868 0.00445 0.00019 ( 1)
 779 Y   0.92847 0.06613 0.00497 0.00043 ( 1)
 780 N   0.96541 0.02993 0.00446 0.00020 ( 1)
 781 E   0.94378 0.05106 0.00482 0.00033 ( 1)
 782 A   0.94750 0.04741 0.00478 0.00031 ( 1)
 783 K   0.94915 0.04580 0.00475 0.00030 ( 1)
 784 F   0.95066 0.04429 0.00476 0.00029 ( 1)
 785 I   0.96224 0.03300 0.00454 0.00022 ( 1)
 786 T   0.94442 0.05039 0.00486 0.00033 ( 1)
 787 F   0.96074 0.03446 0.00458 0.00023 ( 1)
 788 G   0.93552 0.05919 0.00491 0.00039 ( 1)
 789 M   0.97360 0.02196 0.00429 0.00014 ( 1)
 790 L   0.93876 0.05600 0.00488 0.00037 ( 1)
 791 I   0.96828 0.02714 0.00440 0.00018 ( 1)
 792 Y   0.93016 0.06445 0.00497 0.00042 ( 1)
 793 F   0.94925 0.04569 0.00475 0.00030 ( 1)
 794 I   0.95915 0.03609 0.00453 0.00024 ( 1)
 795 A   0.95357 0.04146 0.00470 0.00027 ( 1)
 796 W   0.87845 0.11558 0.00521 0.00076 ( 1)
 797 T   0.70360 0.26325 0.03144 0.00172 ( 1)
 798 T   0.94146 0.05334 0.00485 0.00035 ( 1)
 799 F   0.95205 0.04290 0.00477 0.00028 ( 1)
 800 I   0.95788 0.03726 0.00462 0.00024 ( 1)
 801 P   0.94057 0.05427 0.00481 0.00035 ( 1)
 802 V   0.95344 0.04159 0.00469 0.00027 ( 1)
 803 Y   0.94326 0.05158 0.00483 0.00034 ( 1)
 804 A   0.72471 0.27007 0.00345 0.00176 ( 1)
 805 T   0.95684 0.03821 0.00471 0.00025 ( 1)
 806 T   0.96443 0.03090 0.00446 0.00020 ( 1)
 807 F   0.96003 0.03517 0.00457 0.00023 ( 1)
 808 G   0.94252 0.05220 0.00494 0.00034 ( 1)
 809 K   0.94915 0.04580 0.00475 0.00030 ( 1)
 810 Y   0.94326 0.05158 0.00483 0.00034 ( 1)
 811 L   0.90707 0.08725 0.00511 0.00057 ( 1)
 812 P   0.91624 0.07819 0.00506 0.00051 ( 1)
 813 A   0.95195 0.04283 0.00494 0.00028 ( 1)
 814 V   0.92658 0.06798 0.00499 0.00044 ( 1)
 815 E   0.93189 0.06276 0.00494 0.00041 ( 1)
 816 T   0.72506 0.24291 0.03044 0.00159 ( 1)
 817 I   0.96828 0.02714 0.00440 0.00018 ( 1)
 818 V   0.96582 0.02952 0.00447 0.00019 ( 1)
 819 I   0.96580 0.02961 0.00440 0.00019 ( 1)
 820 L   0.91304 0.08136 0.00507 0.00053 ( 1)
 821 I   0.96224 0.03300 0.00454 0.00022 ( 1)
 822 S   0.94810 0.04682 0.00477 0.00031 ( 1)
 823 N   0.95923 0.03588 0.00465 0.00023 ( 1)
 824 Y   0.94326 0.05158 0.00483 0.00034 ( 1)
 825 G   0.91316 0.08127 0.00505 0.00053 ( 1)
 826 I   0.95788 0.03726 0.00462 0.00024 ( 1)
 827 L   0.89121 0.10307 0.00504 0.00067 ( 1)
 828 C   0.93535 0.05941 0.00485 0.00039 ( 1)
 829 C   0.92482 0.06973 0.00500 0.00046 ( 1)
 830 T   0.94268 0.05223 0.00475 0.00034 ( 1)
 831 F   0.95066 0.04429 0.00476 0.00029 ( 1)
 832 F   0.95042 0.04463 0.00466 0.00029 ( 1)
 833 P   0.92922 0.06539 0.00496 0.00043 ( 1)
 834 K   0.94011 0.05471 0.00483 0.00036 ( 1)
 835 C   0.92542 0.06913 0.00500 0.00045 ( 1)
 836 Y   0.94326 0.05158 0.00483 0.00034 ( 1)
 837 V   0.96582 0.02952 0.00447 0.00019 ( 1)
 838 I   0.96828 0.02714 0.00440 0.00018 ( 1)
 839 L   0.94518 0.04981 0.00468 0.00033 ( 1)
 840 C   0.93951 0.05526 0.00487 0.00036 ( 1)
 841 K   0.93872 0.05604 0.00488 0.00037 ( 1)
 842 Q   0.90421 0.09008 0.00512 0.00059 ( 1)
 843 E   0.94165 0.05319 0.00481 0.00035 ( 1)
 844 T   0.96342 0.03192 0.00446 0.00021 ( 1)
 845 N   0.96212 0.03301 0.00465 0.00022 ( 1)
 846 T   0.94268 0.05223 0.00475 0.00034 ( 1)
 847 K   0.94915 0.04580 0.00475 0.00030 ( 1)
 848 S   0.94810 0.04682 0.00477 0.00031 ( 1)
 849 A   0.94750 0.04741 0.00478 0.00031 ( 1)
 850 F   0.96074 0.03446 0.00458 0.00023 ( 1)
 851 L   0.94039 0.05449 0.00476 0.00036 ( 1)
 852 H   0.01460 0.97525 0.00377 0.00637 ( 2)
 853 M   0.27577 0.71828 0.00126 0.00469 ( 2)
 854 I   0.96828 0.02714 0.00440 0.00018 ( 1)
 855 Y   0.92847 0.06613 0.00497 0.00043 ( 1)
 856 S   0.69284 0.30193 0.00326 0.00197 ( 1)
 857 Y   0.92847 0.06613 0.00497 0.00043 ( 1)
 858 S   0.94675 0.04817 0.00477 0.00031 ( 1)
 859 C   0.57738 0.38922 0.03085 0.00254 ( 1)
 860 H   0.61921 0.37502 0.00331 0.00245 ( 1)
 861 S   0.96440 0.03089 0.00451 0.00020 ( 1)
 862 V   0.59724 0.37107 0.02926 0.00242 ( 1)
 863 G   0.58949 0.40443 0.00343 0.00264 ( 1)
 864 S   0.11515 0.87845 0.00066 0.00574 ( 2)
 865 L   0.95304 0.04199 0.00470 0.00027 ( 1)
 866 V   0.58471 0.40919 0.00343 0.00267 ( 1)
 867 I   0.03177 0.96058 0.00137 0.00628 ( 2)
 868 S   0.74400 0.25088 0.00349 0.00164 ( 1)
 869 H   0.95064 0.04434 0.00474 0.00029 ( 1)
 870 A   0.63629 0.35778 0.00359 0.00234 ( 1)
 871 S   0.91433 0.08001 0.00513 0.00052 ( 1)
 872 L   0.87763 0.11640 0.00521 0.00076 ( 1)
 873 D   0.69991 0.29473 0.00344 0.00193 ( 1)
 874 S   0.58397 0.41025 0.00310 0.00268 ( 1)
 875 T   0.96342 0.03191 0.00446 0.00021 ( 1)
 876 S   0.02364 0.96936 0.00067 0.00633 ( 2)
 877 H   0.17665 0.73727 0.08126 0.00482 ( 2)
 878 N   0.75743 0.23729 0.00373 0.00155 ( 1)
 879 I   0.02654 0.96702 0.00013 0.00632 ( 2)
 880 T   0.94263 0.05218 0.00485 0.00034 ( 1)
 881 T   0.67678 0.31777 0.00338 0.00208 ( 1)
 882 H   0.02056 0.97244 0.00064 0.00635 ( 2)
 883 L   0.59175 0.37696 0.02882 0.00246 ( 1)
 884 S   0.95298 0.04203 0.00472 0.00027 ( 1)
 885 S   0.94623 0.04869 0.00476 0.00032 ( 1)
 886 S   0.74541 0.24936 0.00360 0.00163 ( 1)
 887 A   0.14330 0.84374 0.00744 0.00551 ( 2)
 888 E   0.01845 0.97450 0.00068 0.00637 ( 2)
 889 S   0.13272 0.86096 0.00070 0.00562 ( 2)
 890 A   0.15249 0.84114 0.00087 0.00550 ( 2)
 891 S   0.15610 0.83052 0.00796 0.00543 ( 2)
 892 W   0.45738 0.53640 0.00272 0.00350 ( 2)
 893 Q   0.89352 0.10066 0.00517 0.00066 ( 1)
 894 K   0.66494 0.32957 0.00334 0.00215 ( 1)
 895 S   0.95246 0.04255 0.00471 0.00028 ( 1)
 896 R   0.63677 0.33110 0.02996 0.00216 ( 1)
 897 E   0.16016 0.83351 0.00089 0.00545 ( 2)
 898 L   0.69526 0.29935 0.00343 0.00196 ( 1)
 899 Q   0.46873 0.52505 0.00279 0.00343 ( 2)
 900 A   0.01575 0.97777 0.00009 0.00639 ( 2)
 901 H   0.02453 0.96844 0.00070 0.00633 ( 2)
 902 A   0.61074 0.38354 0.00321 0.00251 ( 1)
 903 F   0.70282 0.29192 0.00335 0.00191 ( 1)
 904 A   0.93494 0.05975 0.00491 0.00039 ( 1)
 905 L   0.01669 0.97610 0.00083 0.00638 ( 2)
 906 I   0.07773 0.91370 0.00261 0.00597 ( 2)
 907 H   0.01483 0.97394 0.00486 0.00636 ( 2)
 908 R   0.64436 0.34996 0.00340 0.00229 ( 1)
 909 E   0.94378 0.05106 0.00482 0.00033 ( 1)
 910 N   0.76269 0.23228 0.00351 0.00152 ( 1)
 911 A   0.22145 0.77245 0.00105 0.00505 ( 2)
 912 R   0.64836 0.31906 0.03049 0.00208 ( 1)
 913 A   0.21107 0.77693 0.00693 0.00508 ( 2)
 914 L   0.90711 0.08721 0.00511 0.00057 ( 1)
 915 P   0.94099 0.05385 0.00480 0.00035 ( 1)
 916 R   0.87764 0.11638 0.00522 0.00076 ( 1)
 917 K   0.94915 0.04580 0.00475 0.00030 ( 1)
 918 R   0.92738 0.06739 0.00480 0.00044 ( 1)
 919 I   0.76005 0.23495 0.00346 0.00153 ( 1)
 920 S   0.90818 0.08616 0.00510 0.00056 ( 1)
 921 S   0.96440 0.03089 0.00451 0.00020 ( 1)
 922 I   0.96224 0.03300 0.00454 0.00022 ( 1)


lnL = -7678.787431

