

TREE # 1

  0  0.0000  24697.022831  x:  0.03300   0.06495   0.01382   0.03391   0.01082   0.04680   0.06361   0.01677   0.05086   0.05417   0.04823   0.03617   0.08544   0.04435   0.08648   0.08876   0.02116   0.04107   0.05178   0.10541   0.09513   0.05786   0.05525   0.02746   0.08611   0.06752   0.03304   0.01889   0.04795   0.09096   0.09256   0.02526   0.10726   0.05394   0.04722   0.06537   0.04270   0.03512   0.04453   0.01648   0.03798   0.10382   0.06706   0.02931   0.07576   0.02102   0.06109   0.08335   0.01467   0.05192   0.02253   0.06880   0.06666   0.01364   0.04494   0.05585   0.06673   0.05630   0.10917   0.08725   0.10244   0.05116   0.06939   0.10527   0.04522   0.03404   0.06526   0.09878   0.10073   0.02757   0.06480   0.03152   0.07041   0.04074   0.01774   2.00000   0.50000  
  1 99.0000  23207.912420  x:  0.23632   0.05979   0.06528   0.05340   0.19973   0.02300   0.03637   0.01796   0.02901   0.01430   0.02708   0.01043   0.06070   0.03949   0.07728   0.05841   0.04284   0.01194   0.07057   0.08538   0.10476   0.06920   0.06851   0.01142   0.05126   0.04243   0.01463   0.07931   0.10811   0.12441   0.10374   0.03593   0.11531   0.06175   0.01277   0.03000   0.00195   0.00818   0.01302   0.02606   0.00000   0.06025   0.06638   0.24864   0.05050   0.05848   0.07142   0.15585   0.25949   0.11904   0.28518   0.11128   0.02781   0.08140   0.02963   0.02735   0.10147   0.07849   0.07724   0.05587   0.06713   0.10260   0.09840   0.07310   0.03461   0.03992   0.03363   0.08532   0.07641   0.05304   0.05725   0.16341   0.12139   0.03757   0.03629   2.01553   0.41055  
  2 11307.6949  23189.810779  x:  0.24521   0.05932   0.06720   0.05401   0.20760   0.02162   0.03480   0.01808   0.02795   0.01201   0.02613   0.00971   0.05928   0.03937   0.07667   0.05644   0.04365   0.01035   0.07148   0.08420   0.10528   0.06979   0.06911   0.01086   0.04909   0.04110   0.01404   0.08169   0.11090   0.12610   0.10429   0.03615   0.11563   0.06214   0.01113   0.02798   0.00065   0.00787   0.01158   0.02656   0.01569   0.05758   0.06633   0.25821   0.04904   0.05983   0.07166   0.15932   0.26989   0.12197   0.29662   0.11329   0.02546   0.08393   0.02885   0.02577   0.10308   0.07941   0.07521   0.05399   0.06494   0.10497   0.09981   0.07116   0.03414   0.04016   0.03185   0.08456   0.07497   0.05406   0.05681   0.16913   0.12379   0.03737   0.03689   2.01650   0.40483  
  3 27905.8767  23051.925056  x:  0.25427   0.05394   0.06254   0.04971   0.20826   0.01413   0.02612   0.01960   0.02543   0.00000   0.02521   0.01883   0.05137   0.04111   0.07219   0.04183   0.04182   0.00354   0.07390   0.07726   0.10789   0.07207   0.06989   0.01373   0.03437   0.03554   0.01853   0.07887   0.11647   0.13201   0.10609   0.03146   0.11527   0.06323   0.00926   0.01731   0.04958   0.02680   0.01015   0.02473   0.02144   0.03821   0.06586   0.26737   0.04084   0.05559   0.06769   0.16838   0.27475   0.12455   0.30746   0.11812   0.01080   0.07794   0.02620   0.01822   0.10631   0.07928   0.06073   0.04234   0.05030   0.10947   0.10376   0.05895   0.03372   0.04009   0.02281   0.08068   0.06632   0.05322   0.05435   0.17393   0.12939   0.03617   0.03339   2.02314   0.36367  
  4 4574.3874  22989.869291  x:  0.25944   0.05070   0.05964   0.04710   0.20835   0.00985   0.02106   0.02062   0.02416   0.00937   0.02479   0.02375   0.04664   0.04217   0.06952   0.03299   0.04072   0.00000   0.07534   0.07311   0.10946   0.07344   0.07032   0.01536   0.02550   0.03229   0.02101   0.07706   0.11974   0.13552   0.10717   0.02862   0.11505   0.06388   0.00815   0.01117   0.07544   0.03671   0.00974   0.02365   0.02453   0.02645   0.06557   0.27259   0.03599   0.05299   0.06524   0.17377   0.27730   0.12599   0.31363   0.12096   0.00222   0.07419   0.02473   0.01398   0.10820   0.07919   0.05195   0.03536   0.04145   0.11209   0.10609   0.05161   0.03351   0.04005   0.01758   0.07837   0.06115   0.05267   0.05290   0.17663   0.13270   0.03547   0.03129   2.02716   0.33865  
  5 36160.6621  22853.721453  x:  0.26528   0.04407   0.05173   0.04140   0.20295   0.00789   0.01408   0.02183   0.02370   0.01239   0.02472   0.02340   0.03819   0.04475   0.06468   0.01402   0.03915   0.03102   0.07809   0.06541   0.11308   0.07600   0.07055   0.01694   0.00740   0.02784   0.02204   0.07135   0.12504   0.14203   0.10932   0.02257   0.11443   0.06493   0.00793   0.00756   0.08593   0.03733   0.01621   0.02228   0.02589   0.00000   0.06510   0.27820   0.02792   0.04688   0.05918   0.18370   0.27588   0.12711   0.32024   0.12582   0.00606   0.06382   0.02458   0.01545   0.11125   0.07862   0.03262   0.02226   0.02258   0.11610   0.11009   0.03680   0.03402   0.03997   0.01263   0.07411   0.05133   0.05105   0.05050   0.17883   0.13843   0.03473   0.02746   2.03615   0.28234  
  6 6104.0505  22827.780351  x:  0.26736   0.04170   0.04888   0.03937   0.20097   0.00725   0.01169   0.02225   0.02356   0.01341   0.02471   0.02322   0.03520   0.04567   0.06296   0.00722   0.03857   0.04146   0.07906   0.06265   0.11437   0.07691   0.07064   0.01748   0.00110   0.02630   0.02239   0.06929   0.12694   0.14437   0.11010   0.02042   0.11421   0.06531   0.00790   0.00646   0.08950   0.03744   0.01841   0.02184   0.02630   0.00174   0.06493   0.28019   0.02509   0.04469   0.05699   0.18727   0.27532   0.12750   0.32259   0.12756   0.00726   0.06007   0.02455   0.01596   0.11234   0.07842   0.02566   0.01764   0.01583   0.11754   0.11152   0.03152   0.03422   0.03995   0.01100   0.07260   0.04784   0.05047   0.04965   0.17961   0.14048   0.03448   0.02611   2.03940   0.26204  
  7 21153.7893  22790.220240  x:  0.26958   0.03902   0.04530   0.03732   0.19782   0.00763   0.01103   0.02262   0.02363   0.01382   0.02478   0.02229   0.03229   0.04679   0.06117   0.00000   0.03770   0.04691   0.08005   0.05932   0.11575   0.07800   0.07077   0.01806   0.01108   0.02531   0.02256   0.06682   0.12924   0.14725   0.11113   0.01805   0.11401   0.06574   0.00815   0.00833   0.09115   0.03616   0.01942   0.02165   0.02647   0.00256   0.06476   0.28229   0.02275   0.04228   0.05410   0.19177   0.27391   0.12782   0.32508   0.12962   0.00651   0.05522   0.02470   0.01641   0.11360   0.07832   0.01696   0.01374   0.00823   0.11925   0.11327   0.02580   0.03466   0.03997   0.01167   0.07090   0.04411   0.04985   0.04880   0.18033   0.14304   0.03437   0.02495   2.04368   0.23620  
  8 7458.9249  22756.041240  x:  0.27234   0.03548   0.04009   0.03544   0.19229   0.00921   0.01289   0.02298   0.02402   0.01355   0.02501   0.02034   0.02935   0.04833   0.05899   0.01284   0.03660   0.04764   0.08125   0.05471   0.11756   0.07961   0.07099   0.01786   0.01582   0.02492   0.02238   0.06298   0.13257   0.15148   0.11275   0.01516   0.11382   0.06633   0.00858   0.01200   0.09061   0.03270   0.01900   0.02174   0.02635   0.00292   0.06458   0.28484   0.02120   0.03928   0.04963   0.19853   0.27079   0.12808   0.32815   0.13254   0.00362   0.04794   0.02517   0.01687   0.11533   0.07851   0.00476   0.01189   0.00000   0.12173   0.11590   0.01932   0.03560   0.04006   0.01482   0.06868   0.03976   0.04910   0.04783   0.18109   0.14685   0.03453   0.02392   2.05030   0.19841  
  9 6547.0344  22729.744533  x:  0.27429   0.03341   0.03595   0.03432   0.18636   0.01049   0.01548   0.02305   0.02454   0.01257   0.02529   0.01866   0.02889   0.04930   0.05769   0.01107   0.03548   0.04102   0.08203   0.05148   0.11888   0.08069   0.07118   0.01686   0.01313   0.02582   0.02187   0.05977   0.13533   0.15507   0.11430   0.01391   0.11386   0.06681   0.00859   0.01286   0.08734   0.02837   0.01696   0.02206   0.02588   0.00253   0.06455   0.28659   0.02243   0.03774   0.04563   0.20456   0.26701   0.12814   0.33029   0.13493   0.00278   0.04219   0.02574   0.01741   0.11674   0.07933   0.00000   0.01712   0.01030   0.12434   0.11874   0.01822   0.03676   0.04014   0.01698   0.06723   0.03803   0.04870   0.04750   0.18163   0.15018   0.03492   0.02410   2.05634   0.17064  
 10 3420.1003  22718.531711  x:  0.27584   0.03213   0.03280   0.03385   0.18048   0.01098   0.01654   0.02305   0.02494   0.01155   0.02554   0.01773   0.02921   0.04989   0.05680   0.00844   0.03469   0.03296   0.08264   0.04926   0.12000   0.08160   0.07137   0.01615   0.01004   0.02668   0.02151   0.05721   0.13773   0.15826   0.11574   0.01353   0.11402   0.06723   0.00856   0.01279   0.08350   0.02453   0.01547   0.02230   0.02535   0.00207   0.06460   0.28792   0.02385   0.03686   0.04206   0.21009   0.26305   0.12813   0.33196   0.13701   0.00407   0.03789   0.02618   0.01792   0.11798   0.08065   0.00990   0.01963   0.00759   0.12606   0.12075   0.01819   0.03743   0.04024   0.01753   0.06640   0.03733   0.04841   0.04753   0.18220   0.15316   0.03530   0.02447   2.06188   0.15347  
 11 2731.9149  22706.260324  x:  0.27747   0.03125   0.03007   0.03417   0.17216   0.01087   0.01606   0.02294   0.02529   0.00988   0.02580   0.01749   0.03036   0.05021   0.05616   0.00367   0.03433   0.02183   0.08330   0.04781   0.12136   0.08271   0.07161   0.01582   0.00523   0.02753   0.02127   0.05475   0.14061   0.16222   0.11763   0.01417   0.11440   0.06774   0.00854   0.01182   0.07645   0.02008   0.01524   0.02244   0.02443   0.00138   0.06477   0.28924   0.02551   0.03649   0.03768   0.21728   0.25706   0.12804   0.33372   0.13948   0.00348   0.03445   0.02653   0.01798   0.11945   0.08169   0.00548   0.02003   0.00000   0.12786   0.12301   0.01971   0.03813   0.04034   0.01650   0.06586   0.03748   0.04827   0.04786   0.18235   0.15681   0.03574   0.02501   2.06913   0.14887  
 12 1379.0177  22692.870672  x:  0.28284   0.02873   0.02586   0.03455   0.15338   0.00867   0.00958   0.02330   0.02491   0.00849   0.02580   0.01992   0.02889   0.05097   0.05402   0.00509   0.03554   0.01229   0.08537   0.04531   0.12521   0.08594   0.07221   0.01829   0.00560   0.02569   0.02265   0.05088   0.14788   0.17202   0.12192   0.01399   0.11513   0.06895   0.00836   0.00889   0.06796   0.01858   0.01991   0.02155   0.02334   0.00120   0.06499   0.29388   0.02296   0.03466   0.02759   0.23541   0.24374   0.12838   0.33983   0.14576   0.00823   0.03034   0.02623   0.01807   0.12329   0.08433   0.00514   0.01191   0.00269   0.13360   0.12968   0.01745   0.03888   0.04026   0.01120   0.06393   0.03556   0.04787   0.04779   0.18390   0.16587   0.03579   0.02375   2.08743   0.15052  
 13 1130.0666  22676.606769  x:  0.29188   0.02593   0.02334   0.03446   0.12583   0.01154   0.01517   0.02420   0.02403   0.00780   0.02536   0.02251   0.02661   0.05251   0.05180   0.00417   0.03815   0.01198   0.08840   0.04377   0.13090   0.09011   0.07272   0.02069   0.00411   0.02305   0.02432   0.04784   0.15845   0.18631   0.12771   0.01302   0.11603   0.07043   0.00846   0.01345   0.06151   0.02325   0.02305   0.02065   0.02256   0.00109   0.06509   0.30179   0.01948   0.03324   0.01407   0.26317   0.22376   0.12919   0.35051   0.15481   0.00189   0.03014   0.02534   0.01524   0.12861   0.08802   0.00719   0.01285   0.00314   0.14192   0.13884   0.01658   0.03920   0.04036   0.01571   0.06179   0.03450   0.04756   0.04725   0.18674   0.17918   0.03545   0.02200   2.11683   0.15695  
 14 1846.3686  22668.016359  x:  0.29871   0.02528   0.02476   0.03441   0.10682   0.01209   0.01741   0.02448   0.02401   0.00858   0.02503   0.02307   0.02695   0.05295   0.05130   0.00522   0.03946   0.01395   0.09000   0.04458   0.13435   0.09216   0.07274   0.02027   0.00580   0.02390   0.02458   0.04825   0.16534   0.19582   0.13116   0.01290   0.11652   0.07103   0.00854   0.01104   0.06259   0.02850   0.02008   0.02096   0.02265   0.00134   0.06499   0.30776   0.02153   0.03435   0.00756   0.28348   0.20861   0.12983   0.35897   0.16066   0.00887   0.03346   0.02516   0.01707   0.13184   0.08992   0.00571   0.02034   0.00094   0.14711   0.14433   0.01948   0.03893   0.04040   0.01684   0.06132   0.03577   0.04763   0.04694   0.18868   0.18813   0.03537   0.02233   2.14023   0.15965  
 15 2186.7959  22660.449996  x:  0.30319   0.02657   0.02821   0.03446   0.09319   0.01032   0.01271   0.02370   0.02517   0.00865   0.02523   0.02007   0.02971   0.05199   0.05292   0.00615   0.03909   0.01838   0.08999   0.04750   0.13572   0.09207   0.07223   0.01731   0.00708   0.02730   0.02271   0.05121   0.16900   0.20167   0.13258   0.01388   0.11670   0.07063   0.00914   0.00884   0.06235   0.02941   0.01463   0.02233   0.02252   0.00150   0.06475   0.31137   0.02593   0.03669   0.00978   0.29970   0.19367   0.12993   0.36534   0.16362   0.00326   0.03691   0.02594   0.01747   0.13286   0.09008   0.00643   0.02049   0.00120   0.14958   0.14691   0.02044   0.03825   0.04018   0.01352   0.06249   0.03783   0.04782   0.04730   0.18925   0.19364   0.03574   0.02426   2.16280   0.15952  
 16 1257.7440  22656.174021  x:  0.30645   0.02819   0.03098   0.03459   0.08862   0.01071   0.01314   0.02290   0.02533   0.00890   0.02560   0.01815   0.03127   0.05071   0.05570   0.00550   0.03749   0.01681   0.08858   0.05004   0.13494   0.09021   0.07171   0.01519   0.00577   0.02803   0.02121   0.05496   0.16977   0.20384   0.13198   0.01433   0.11647   0.06954   0.00844   0.01496   0.06450   0.02900   0.01392   0.02270   0.02273   0.00136   0.06451   0.31396   0.02599   0.03780   0.01532   0.31128   0.18162   0.13005   0.37088   0.16400   0.00582   0.03863   0.02633   0.01896   0.13212   0.08866   0.00613   0.01570   0.00192   0.14958   0.14666   0.01904   0.03757   0.04009   0.01517   0.06445   0.03903   0.04817   0.04791   0.18929   0.19575   0.03585   0.02511   2.18395   0.15941  
 17 855.5587  22649.080441  x:  0.31121   0.02990   0.03294   0.03438   0.08951   0.01266   0.01813   0.02238   0.02454   0.00867   0.02609   0.01787   0.03089   0.04873   0.06003   0.00567   0.03511   0.01548   0.08496   0.05266   0.13168   0.08567   0.07107   0.01621   0.00617   0.02610   0.02074   0.06014   0.16833   0.20434   0.12884   0.01333   0.11554   0.06730   0.00881   0.00813   0.06559   0.02415   0.02010   0.02172   0.02283   0.00138   0.06426   0.31766   0.02195   0.03762   0.02269   0.32891   0.16068   0.13029   0.38035   0.16216   0.00592   0.03827   0.02611   0.01839   0.12887   0.08488   0.00636   0.01471   0.00227   0.14711   0.14332   0.01924   0.03704   0.04016   0.01692   0.06796   0.04034   0.04873   0.04877   0.18859   0.19635   0.03553   0.02441   2.22543   0.15941  
 18 1000.7663  22641.675200  x:  0.31615   0.02947   0.03150   0.03382   0.09709   0.00946   0.01482   0.02318   0.02403   0.00854   0.02573   0.02098   0.02802   0.04723   0.06161   0.00621   0.03494   0.01582   0.08110   0.05240   0.12725   0.08094   0.07074   0.01992   0.00643   0.02421   0.02292   0.06190   0.16481   0.20246   0.12400   0.01156   0.11417   0.06545   0.00832   0.01321   0.06586   0.01953   0.02204   0.02083   0.02286   0.00144   0.06439   0.32158   0.02052   0.03676   0.02423   0.34705   0.13800   0.13106   0.39139   0.15849   0.00561   0.03562   0.02538   0.01656   0.12410   0.08059   0.00672   0.02210   0.00206   0.14275   0.13772   0.02155   0.03732   0.04032   0.01261   0.07009   0.03997   0.04891   0.04883   0.18738   0.19468   0.03512   0.02280   2.27904   0.16114  
 19 1403.9320  22632.743004  x:  0.32041   0.02689   0.02722   0.03424   0.11015   0.01157   0.01098   0.02457   0.02503   0.00857   0.02475   0.02234   0.02773   0.04842   0.05919   0.00583   0.03758   0.01613   0.07851   0.04903   0.12220   0.07755   0.07062   0.02059   0.00597   0.02664   0.02436   0.05805   0.15872   0.19742   0.11781   0.01229   0.11272   0.06524   0.00829   0.01109   0.06491   0.02013   0.01498   0.02162   0.02275   0.00139   0.06510   0.32489   0.02634   0.03649   0.01725   0.36530   0.11471   0.13293   0.40365   0.15274   0.00573   0.03336   0.02559   0.01762   0.11801   0.07706   0.00717   0.02039   0.00308   0.13628   0.13018   0.01862   0.03818   0.04052   0.01976   0.06912   0.03650   0.04824   0.04802   0.18512   0.18990   0.03550   0.02322   2.35129   0.16542  
 20 1478.7798  22626.711812  x:  0.32131   0.02635   0.02657   0.03566   0.11781   0.00994   0.01820   0.02414   0.02549   0.00853   0.02508   0.01993   0.03084   0.05049   0.05596   0.00576   0.03901   0.01607   0.07895   0.04749   0.11988   0.07783   0.07062   0.01754   0.00615   0.02814   0.02267   0.05372   0.15379   0.19252   0.11433   0.01434   0.11216   0.06624   0.00923   0.01127   0.06351   0.02446   0.01363   0.02256   0.02259   0.00139   0.06559   0.32519   0.02741   0.03623   0.00925   0.37475   0.10404   0.13502   0.41033   0.14853   0.00559   0.03498   0.02638   0.01861   0.11458   0.07699   0.00726   0.01665   0.00392   0.13172   0.12556   0.01927   0.03841   0.04023   0.01322   0.06700   0.03616   0.04768   0.04761   0.18277   0.18515   0.03598   0.02477   2.40601   0.16643  
 21 1515.5461  22619.845364  x:  0.31879   0.02892   0.03046   0.03768   0.12123   0.01074   0.01246   0.02146   0.02514   0.00835   0.02644   0.01623   0.03290   0.05163   0.05341   0.00564   0.03850   0.01432   0.08252   0.04898   0.11972   0.08179   0.07092   0.01348   0.00610   0.02732   0.01953   0.05034   0.14806   0.18580   0.11273   0.01614   0.11233   0.06831   0.00738   0.01168   0.06172   0.03010   0.01989   0.02218   0.02241   0.00136   0.06566   0.32202   0.02360   0.03625   0.00165   0.38078   0.10269   0.13859   0.41487   0.14438   0.00486   0.03916   0.02671   0.01805   0.11310   0.08063   0.00718   0.01726   0.00394   0.12766   0.12244   0.02264   0.03780   0.04000   0.01556   0.06434   0.04032   0.04761   0.04784   0.17906   0.17847   0.03587   0.02562   2.47547   0.16523  
 22 1170.6209  22603.802463  x:  0.30598   0.03509   0.03648   0.03771   0.11833   0.01180   0.01196   0.02186   0.02415   0.00768   0.02700   0.02265   0.03038   0.05232   0.05223   0.00481   0.03505   0.01065   0.09393   0.05409   0.12479   0.09589   0.07300   0.02227   0.00466   0.02483   0.02373   0.04956   0.13594   0.16933   0.11507   0.01601   0.11428   0.07340   0.01811   0.01140   0.05439   0.03329   0.01325   0.02187   0.02169   0.00114   0.06469   0.30806   0.02077   0.03890   0.00513   0.38783   0.12148   0.14873   0.42185   0.13745   0.00599   0.04141   0.02539   0.01698   0.11602   0.09319   0.00656   0.01739   0.00392   0.12256   0.12110   0.01800   0.03557   0.03975   0.01539   0.05986   0.04596   0.04827   0.04882   0.16937   0.16133   0.03450   0.02348   2.66760   0.16645  
 23 1576.6935  22590.909303  x:  0.29645   0.03493   0.03364   0.03464   0.11497   0.00973   0.01503   0.02450   0.02489   0.00743   0.02486   0.02327   0.02832   0.05141   0.05393   0.00508   0.03497   0.01033   0.09756   0.05328   0.12871   0.10089   0.07323   0.02084   0.00501   0.02625   0.02482   0.05257   0.13157   0.16150   0.11873   0.01412   0.11550   0.07421   0.00510   0.01039   0.05358   0.03220   0.01394   0.02017   0.02152   0.00122   0.06385   0.29830   0.02572   0.03918   0.00919   0.38751   0.13864   0.15310   0.42449   0.13556   0.00555   0.03692   0.02533   0.01747   0.12001   0.09774   0.00675   0.01690   0.00397   0.12255   0.12315   0.01967   0.03671   0.04008   0.01505   0.06116   0.04253   0.04831   0.04867   0.16526   0.15272   0.03491   0.02359   2.79288   0.17052  
 24 2666.4386  22581.909989  x:  0.28789   0.03186   0.02725   0.03205   0.11306   0.01121   0.01446   0.02556   0.02572   0.00763   0.02330   0.01980   0.02919   0.04978   0.05670   0.00543   0.03735   0.00990   0.09621   0.04925   0.13155   0.10005   0.07238   0.01357   0.00535   0.02835   0.02255   0.05659   0.13155   0.15789   0.12308   0.01309   0.11646   0.07244   0.01234   0.01144   0.05744   0.02853   0.01912   0.02271   0.02197   0.00123   0.06342   0.29010   0.02900   0.03727   0.01056   0.38228   0.15680   0.15412   0.42584   0.13614   0.00546   0.03220   0.02616   0.01825   0.12462   0.09744   0.00733   0.01810   0.00408   0.12542   0.12671   0.02340   0.03891   0.04058   0.01499   0.06539   0.03582   0.04815   0.04792   0.16468   0.14846   0.03619   0.02526   2.90763   0.17624  
 25 2841.8095  22571.492275  x:  0.27762   0.02928   0.02426   0.03653   0.11238   0.01272   0.01398   0.02102   0.02448   0.00770   0.02845   0.01619   0.03475   0.04861   0.05826   0.00537   0.04100   0.00986   0.08677   0.04521   0.13145   0.09016   0.07119   0.01619   0.00525   0.02687   0.01859   0.05735   0.13794   0.16066   0.12781   0.01673   0.11688   0.06710   0.00994   0.01115   0.06093   0.02003   0.01268   0.02347   0.02226   0.00121   0.06413   0.28082   0.02200   0.03315   0.00577   0.36591   0.17424   0.14780   0.42179   0.13945   0.00583   0.03664   0.02699   0.01744   0.12884   0.08945   0.00775   0.02001   0.00391   0.13146   0.13092   0.01980   0.03899   0.04041   0.01396   0.07041   0.03555   0.04800   0.04763   0.16852   0.15137   0.03664   0.02516   3.03094   0.18066  
 26 1661.9157  22564.160915  x:  0.27152   0.03066   0.02860   0.04068   0.11426   0.00795   0.01506   0.02163   0.02503   0.00750   0.02708   0.02046   0.03492   0.04910   0.05672   0.00516   0.04201   0.00946   0.07780   0.04660   0.12896   0.07941   0.07035   0.01789   0.00501   0.02804   0.02318   0.05479   0.14624   0.16740   0.12994   0.01790   0.11646   0.06373   0.01112   0.01147   0.05954   0.01959   0.01707   0.02272   0.02216   0.00119   0.06540   0.27577   0.02759   0.03719   0.00258   0.34653   0.18521   0.13835   0.41642   0.14328   0.00509   0.04038   0.02621   0.01845   0.13044   0.08082   0.00801   0.01789   0.00392   0.13659   0.13349   0.01951   0.03791   0.04010   0.01599   0.07107   0.03993   0.04805   0.04810   0.17488   0.15912   0.03621   0.02501   3.12324   0.18046  
 27 1629.8462  22560.893658  x:  0.26997   0.03186   0.03022   0.04046   0.11629   0.01492   0.01414   0.02334   0.02532   0.00735   0.02461   0.02096   0.03216   0.05014   0.05553   0.00514   0.04126   0.00858   0.07535   0.04877   0.12681   0.07530   0.07028   0.01710   0.00491   0.02775   0.02351   0.05240   0.15130   0.17279   0.12984   0.01693   0.11594   0.06393   0.01046   0.01161   0.05705   0.02349   0.01614   0.02213   0.02189   0.00116   0.06608   0.27487   0.02770   0.03845   0.00495   0.33369   0.18853   0.13190   0.41254   0.14560   0.00520   0.03932   0.02577   0.01811   0.13005   0.07740   0.00801   0.01713   0.00374   0.13872   0.13410   0.02174   0.03752   0.04002   0.01295   0.06910   0.04108   0.04807   0.04834   0.17930   0.16532   0.03580   0.02495   3.16815   0.18089  
 28 1323.5263  22557.631864  x:  0.27048   0.03259   0.03007   0.03733   0.11875   0.01019   0.01424   0.02399   0.02508   0.00709   0.02409   0.01869   0.03001   0.05098   0.05384   0.00509   0.03929   0.00759   0.07652   0.05104   0.12433   0.07501   0.07068   0.01547   0.00479   0.02693   0.02077   0.05092   0.15647   0.17956   0.12834   0.01553   0.11528   0.06610   0.01110   0.01066   0.05369   0.02807   0.01340   0.02271   0.02148   0.00111   0.06644   0.27618   0.02414   0.03765   0.00996   0.31810   0.18905   0.12471   0.40740   0.14804   0.00571   0.03634   0.02607   0.01738   0.12825   0.07643   0.00793   0.01770   0.00345   0.13992   0.13374   0.02319   0.03755   0.04019   0.01491   0.06570   0.04016   0.04815   0.04838   0.18444   0.17307   0.03564   0.02530   3.20937   0.18260  
 29 990.6752  22555.375285  x:  0.27402   0.03164   0.02903   0.03461   0.12074   0.01109   0.01399   0.02194   0.02480   0.00704   0.02767   0.01930   0.03398   0.05067   0.05503   0.00512   0.03837   0.00710   0.08132   0.05075   0.12284   0.07990   0.07153   0.01741   0.00473   0.02825   0.02121   0.05343   0.16010   0.18565   0.12569   0.01671   0.11495   0.06862   0.01052   0.01091   0.05320   0.02901   0.01620   0.02323   0.02144   0.00112   0.06585   0.28061   0.02608   0.03713   0.01284   0.30218   0.18680   0.11998   0.40173   0.14999   0.00552   0.03645   0.02647   0.01810   0.12527   0.07957   0.00779   0.01948   0.00333   0.13959   0.13242   0.02060   0.03782   0.04030   0.01433   0.06400   0.03844   0.04844   0.04818   0.18902   0.17995   0.03607   0.02565   3.23960   0.18361  
 30 540.0528  22553.988559  x:  0.27849   0.03025   0.02932   0.03605   0.12052   0.01121   0.01425   0.02250   0.02498   0.00708   0.02517   0.02008   0.03357   0.04949   0.05685   0.00506   0.03917   0.00741   0.08483   0.04911   0.12321   0.08453   0.07167   0.01563   0.00475   0.02691   0.02276   0.05585   0.16134   0.18914   0.12337   0.01716   0.11502   0.06915   0.01074   0.01100   0.05454   0.02522   0.01487   0.02205   0.02157   0.00113   0.06487   0.28573   0.02598   0.03682   0.01216   0.28938   0.18350   0.11951   0.39595   0.15114   0.00568   0.03816   0.02578   0.01720   0.12280   0.08353   0.00758   0.01779   0.00360   0.13826   0.13147   0.02299   0.03834   0.04024   0.01466   0.06573   0.03920   0.04855   0.04830   0.19140   0.18370   0.03615   0.02456   3.25808   0.18359  
 31 375.1271  22553.436059  x:  0.28241   0.03001   0.02949   0.03748   0.11912   0.01127   0.01444   0.02354   0.02510   0.00709   0.02467   0.01916   0.03096   0.04944   0.05659   0.00497   0.03998   0.00706   0.08475   0.04908   0.12452   0.08524   0.07160   0.01650   0.00467   0.02793   0.02089   0.05510   0.16087   0.18983   0.12266   0.01654   0.11537   0.06831   0.01061   0.01103   0.05545   0.02405   0.01550   0.02303   0.02165   0.00111   0.06460   0.29000   0.02595   0.03767   0.01225   0.28291   0.18180   0.12230   0.39232   0.15168   0.00542   0.03779   0.02617   0.01838   0.12213   0.08502   0.00756   0.01823   0.00366   0.13744   0.13139   0.02159   0.03772   0.04020   0.01437   0.06719   0.04014   0.04856   0.04828   0.19181   0.18424   0.03617   0.02536   3.26550   0.18407  
 32 193.3439  22552.837760  x:  0.28922   0.03020   0.02868   0.03775   0.11632   0.01135   0.01440   0.02292   0.02491   0.00709   0.02657   0.01965   0.03211   0.05008   0.05535   0.00506   0.04015   0.00724   0.08272   0.04998   0.12686   0.08376   0.07122   0.01573   0.00479   0.02772   0.02202   0.05312   0.15925   0.18958   0.12269   0.01641   0.11616   0.06685   0.01058   0.01099   0.05517   0.02443   0.01545   0.02259   0.02163   0.00113   0.06487   0.29734   0.02577   0.03825   0.01392   0.27499   0.18006   0.12838   0.38691   0.15239   0.00583   0.03642   0.02620   0.01691   0.12226   0.08533   0.00751   0.01821   0.00369   0.13655   0.13201   0.02198   0.03742   0.04028   0.01454   0.06811   0.03997   0.04847   0.04829   0.19153   0.18346   0.03588   0.02554   3.27372   0.18426  
 33 182.3780  22552.643934  x:  0.29190   0.03010   0.02845   0.03702   0.11526   0.01123   0.01421   0.02265   0.02499   0.00705   0.02517   0.01961   0.03293   0.05009   0.05549   0.00507   0.03964   0.00697   0.08195   0.04984   0.12734   0.08279   0.07124   0.01652   0.00473   0.02719   0.02195   0.05344   0.15848   0.18908   0.12319   0.01662   0.11635   0.06690   0.01062   0.01097   0.05466   0.02513   0.01550   0.02244   0.02158   0.00112   0.06516   0.30030   0.02567   0.03747   0.01424   0.27252   0.17945   0.13035   0.38432   0.15259   0.00547   0.03718   0.02596   0.01826   0.12267   0.08455   0.00758   0.01828   0.00364   0.13655   0.13241   0.02227   0.03783   0.04027   0.01457   0.06743   0.03941   0.04843   0.04829   0.19101   0.18264   0.03588   0.02494   3.27637   0.18414  
 34 135.7596  22552.547032  x:  0.29351   0.02999   0.02885   0.03659   0.11489   0.01121   0.01424   0.02290   0.02497   0.00701   0.02522   0.01981   0.03234   0.04984   0.05609   0.00506   0.03927   0.00681   0.08192   0.04940   0.12706   0.08224   0.07133   0.01634   0.00468   0.02750   0.02166   0.05440   0.15805   0.18848   0.12396   0.01662   0.11625   0.06754   0.01062   0.01093   0.05430   0.02532   0.01552   0.02269   0.02153   0.00111   0.06533   0.30217   0.02590   0.03696   0.01387   0.27171   0.17914   0.13069   0.38204   0.15262   0.00570   0.03775   0.02603   0.01723   0.12328   0.08348   0.00762   0.01832   0.00358   0.13700   0.13275   0.02187   0.03808   0.04024   0.01449   0.06638   0.03938   0.04846   0.04832   0.19037   0.18181   0.03616   0.02501   3.27765   0.18410  
 35 70.6215  22552.475492  x:  0.29504   0.03000   0.02923   0.03681   0.11515   0.01124   0.01428   0.02291   0.02488   0.00702   0.02603   0.01975   0.03207   0.04968   0.05635   0.00506   0.03948   0.00685   0.08243   0.04926   0.12634   0.08225   0.07144   0.01620   0.00468   0.02741   0.02198   0.05478   0.15792   0.18782   0.12502   0.01653   0.11596   0.06821   0.01067   0.01095   0.05445   0.02509   0.01533   0.02245   0.02155   0.00111   0.06527   0.30406   0.02570   0.03724   0.01368   0.27191   0.17919   0.13001   0.37948   0.15260   0.00547   0.03712   0.02604   0.01808   0.12408   0.08257   0.00770   0.01820   0.00357   0.13781   0.13315   0.02222   0.03797   0.04024   0.01450   0.06583   0.03967   0.04850   0.04836   0.18969   0.18102   0.03613   0.02525   3.27856   0.18420  
 36 51.7448  22552.401510  x:  0.29661   0.03012   0.02912   0.03718   0.11572   0.01124   0.01430   0.02275   0.02502   0.00704   0.02525   0.01946   0.03274   0.04977   0.05610   0.00507   0.03988   0.00692   0.08303   0.04953   0.12545   0.08262   0.07151   0.01651   0.00471   0.02740   0.02176   0.05431   0.15797   0.18712   0.12619   0.01655   0.11558   0.06846   0.01063   0.01099   0.05470   0.02481   0.01547   0.02255   0.02157   0.00112   0.06503   0.30615   0.02573   0.03779   0.01401   0.27282   0.17946   0.12866   0.37622   0.15248   0.00561   0.03680   0.02603   0.01755   0.12493   0.08215   0.00772   0.01826   0.00354   0.13876   0.13348   0.02215   0.03772   0.04026   0.01455   0.06611   0.03978   0.04848   0.04836   0.18898   0.18030   0.03584   0.02515   3.27942   0.18426  
 37 62.7460  22552.345666  x:  0.29758   0.03019   0.02879   0.03708   0.11628   0.01123   0.01427   0.02283   0.02491   0.00701   0.02540   0.01998   0.03245   0.04994   0.05574   0.00506   0.03976   0.00681   0.08295   0.04974   0.12508   0.08284   0.07138   0.01597   0.00472   0.02748   0.02178   0.05377   0.15818   0.18669   0.12668   0.01648   0.11532   0.06793   0.01059   0.01095   0.05447   0.02484   0.01550   0.02262   0.02155   0.00111   0.06491   0.30765   0.02568   0.03746   0.01444   0.27408   0.17996   0.12746   0.37332   0.15226   0.00552   0.03777   0.02603   0.01783   0.12526   0.08266   0.00771   0.01838   0.00351   0.13916   0.13350   0.02195   0.03785   0.04024   0.01451   0.06692   0.03951   0.04844   0.04833   0.18864   0.18006   0.03594   0.02512   3.27997   0.18424  
 38 47.1593  22552.294020  x:  0.29816   0.03011   0.02896   0.03689   0.11678   0.01122   0.01426   0.02288   0.02500   0.00701   0.02574   0.01938   0.03224   0.04995   0.05578   0.00506   0.03941   0.00679   0.08234   0.04957   0.12530   0.08279   0.07131   0.01667   0.00469   0.02744   0.02188   0.05399   0.15851   0.18651   0.12648   0.01646   0.11524   0.06721   0.01069   0.01097   0.05434   0.02525   0.01542   0.02248   0.02154   0.00111   0.06509   0.30883   0.02600   0.03717   0.01435   0.27559   0.18077   0.12670   0.37055   0.15197   0.00556   0.03776   0.02600   0.01762   0.12512   0.08360   0.00766   0.01812   0.00354   0.13899   0.13327   0.02242   0.03805   0.04025   0.01456   0.06729   0.03953   0.04845   0.04836   0.18873   0.18024   0.03620   0.02529   3.28038   0.18421  
 39 39.7517  22552.225701  x:  0.29854   0.02996   0.02931   0.03682   0.11724   0.01120   0.01427   0.02277   0.02494   0.00700   0.02538   0.01968   0.03263   0.04981   0.05610   0.00507   0.03928   0.00681   0.08157   0.04939   0.12598   0.08242   0.07123   0.01614   0.00472   0.02738   0.02179   0.05459   0.15894   0.18652   0.12568   0.01655   0.11533   0.06679   0.01063   0.01093   0.05418   0.02544   0.01530   0.02264   0.02151   0.00112   0.06549   0.31001   0.02582   0.03731   0.01403   0.27766   0.18196   0.12635   0.36710   0.15162   0.00552   0.03690   0.02604   0.01777   0.12458   0.08450   0.00762   0.01833   0.00357   0.13831   0.13276   0.02188   0.03783   0.04025   0.01448   0.06688   0.03990   0.04853   0.04839   0.18920   0.18079   0.03606   0.02507   3.28079   0.18434  
 40 51.0662  22552.131906  x:  0.29846   0.02976   0.02870   0.03697   0.11744   0.01121   0.01432   0.02280   0.02497   0.00700   0.02548   0.01995   0.03257   0.04970   0.05620   0.00509   0.03999   0.00674   0.08170   0.04978   0.12682   0.08198   0.07141   0.01636   0.00473   0.02785   0.02153   0.05446   0.15931   0.18686   0.12421   0.01661   0.11565   0.06772   0.01059   0.01099   0.05438   0.02478   0.01540   0.02262   0.02153   0.00112   0.06565   0.31090   0.02553   0.03798   0.01436   0.28009   0.18337   0.12705   0.36345   0.15144   0.00552   0.03762   0.02610   0.01774   0.12371   0.08384   0.00764   0.01817   0.00366   0.13708   0.13217   0.02251   0.03770   0.04026   0.01459   0.06581   0.03942   0.04848   0.04829   0.19024   0.18173   0.03579   0.02532   3.28114   0.18429  
 41 36.5861  22552.047545  x:  0.29819   0.02994   0.02875   0.03728   0.11751   0.01121   0.01434   0.02283   0.02499   0.00697   0.02549   0.01900   0.03241   0.04979   0.05599   0.00507   0.03996   0.00653   0.08238   0.04974   0.12691   0.08195   0.07148   0.01604   0.00474   0.02701   0.02215   0.05412   0.15936   0.18722   0.12323   0.01647   0.11585   0.06842   0.01060   0.01096   0.05440   0.02457   0.01547   0.02249   0.02152   0.00112   0.06529   0.31124   0.02609   0.03762   0.01458   0.28148   0.18414   0.12802   0.36144   0.15158   0.00553   0.03785   0.02591   0.01773   0.12325   0.08260   0.00768   0.01848   0.00370   0.13639   0.13188   0.02187   0.03792   0.04024   0.01447   0.06601   0.03946   0.04851   0.04829   0.19113   0.18233   0.03606   0.02524   3.28130   0.18448  
 42 39.0002  22551.862206  x:  0.29762   0.03039   0.02956   0.03757   0.11783   0.01126   0.01436   0.02278   0.02491   0.00696   0.02547   0.02002   0.03286   0.04996   0.05569   0.00513   0.03908   0.00658   0.08371   0.04918   0.12604   0.08244   0.07153   0.01632   0.00479   0.02770   0.02145   0.05386   0.15904   0.18794   0.12213   0.01655   0.11608   0.06872   0.01061   0.01101   0.05400   0.02488   0.01532   0.02273   0.02148   0.00113   0.06428   0.31155   0.02623   0.03630   0.01448   0.28305   0.18501   0.13001   0.35933   0.15224   0.00548   0.03702   0.02610   0.01778   0.12297   0.08047   0.00774   0.01830   0.00378   0.13584   0.13180   0.02233   0.03842   0.04026   0.01458   0.06782   0.04002   0.04862   0.04850   0.19273   0.18296   0.03655   0.02506   3.28142   0.18457  
 43 41.3007  22551.015276  x:  0.29469   0.02963   0.02918   0.03519   0.11885   0.01119   0.01426   0.02247   0.02540   0.00670   0.02527   0.01948   0.03228   0.04959   0.05655   0.00512   0.03878   0.00524   0.08455   0.04936   0.12113   0.08430   0.07095   0.01627   0.00468   0.02854   0.02245   0.05576   0.15626   0.18976   0.12153   0.01748   0.11616   0.06607   0.01072   0.01089   0.05155   0.02665   0.01476   0.02198   0.02118   0.00111   0.06361   0.31086   0.02481   0.03943   0.01290   0.28486   0.18430   0.13471   0.35593   0.15491   0.00542   0.03737   0.02617   0.01763   0.12363   0.07905   0.00767   0.01849   0.00373   0.13655   0.13243   0.02210   0.03614   0.04033   0.01445   0.07045   0.03919   0.04845   0.04848   0.19634   0.18267   0.03469   0.02558   3.28132   0.18431  
 44 34.0165  22548.848062  x:  0.28922   0.03018   0.02905   0.03695   0.12111   0.01132   0.01439   0.02381   0.02336   0.00636   0.02628   0.02108   0.03352   0.04904   0.05722   0.00520   0.04073   0.00351   0.08307   0.05056   0.11429   0.08604   0.07083   0.01643   0.00497   0.02390   0.01985   0.05595   0.15078   0.19283   0.12328   0.01732   0.11593   0.06377   0.01030   0.01095   0.04931   0.02582   0.01456   0.02503   0.02082   0.00114   0.06622   0.30926   0.02697   0.04050   0.01399   0.28706   0.18098   0.14069   0.35273   0.15969   0.00521   0.03738   0.02511   0.01756   0.12567   0.08324   0.00743   0.01824   0.00357   0.13936   0.13412   0.02336   0.03804   0.04031   0.01475   0.06739   0.03955   0.04856   0.04864   0.20188   0.18096   0.03611   0.02647   3.28079   0.18431  
 45 96.2662  22546.489164  x:  0.28517   0.03199   0.02886   0.03985   0.12320   0.01140   0.01479   0.02273   0.02507   0.00607   0.02516   0.01977   0.03377   0.04883   0.05723   0.00530   0.04063   0.00160   0.08139   0.05105   0.11182   0.08602   0.07147   0.01596   0.00522   0.02875   0.02235   0.05451   0.14669   0.19490   0.12592   0.01715   0.11581   0.06444   0.01045   0.01115   0.04815   0.02348   0.01474   0.02292   0.02066   0.00119   0.06862   0.30833   0.02615   0.03742   0.01586   0.28856   0.17794   0.14375   0.35200   0.16292   0.00513   0.03713   0.02591   0.01760   0.12723   0.08841   0.00725   0.01888   0.00346   0.14188   0.13535   0.02328   0.03988   0.04029   0.01494   0.06358   0.04132   0.04914   0.04915   0.20577   0.17914   0.03747   0.02561   3.28015   0.18548  
 46 225.9431  22544.748353  x:  0.28458   0.03387   0.02581   0.03896   0.12301   0.01161   0.01509   0.02170   0.02470   0.00590   0.02506   0.02052   0.03286   0.04844   0.05808   0.00574   0.03490   0.00070   0.08163   0.05077   0.11629   0.08375   0.07282   0.01588   0.00563   0.02714   0.02076   0.05308   0.14681   0.19414   0.12798   0.02006   0.11645   0.06806   0.01068   0.01139   0.04724   0.02192   0.01438   0.02174   0.02053   0.00125   0.06752   0.30838   0.02778   0.03834   0.01452   0.28824   0.17666   0.14128   0.35405   0.16165   0.00495   0.03676   0.02575   0.01755   0.12668   0.08947   0.00728   0.01877   0.00381   0.14140   0.13486   0.02381   0.03724   0.04040   0.01506   0.06525   0.04281   0.04976   0.05061   0.20484   0.17817   0.03602   0.02734   3.27959   0.18635  
 47 122.6566  22544.492006  x:  0.28504   0.03414   0.02565   0.03893   0.12216   0.01161   0.01499   0.02306   0.02451   0.00584   0.02501   0.02030   0.03345   0.04813   0.05872   0.00576   0.03494   0.00046   0.08184   0.05115   0.11656   0.08358   0.07308   0.01605   0.00564   0.02740   0.02205   0.05297   0.14763   0.19352   0.12806   0.02034   0.11687   0.06801   0.01034   0.01135   0.04679   0.02222   0.01433   0.02377   0.02045   0.00125   0.06702   0.30844   0.02678   0.03874   0.01407   0.28795   0.17692   0.14038   0.35478   0.16055   0.00494   0.03661   0.02540   0.01758   0.12625   0.08894   0.00731   0.01879   0.00387   0.14038   0.13446   0.02388   0.03793   0.04043   0.01511   0.06582   0.04262   0.04973   0.05100   0.20365   0.17841   0.03636   0.02781   3.27950   0.18625  
 48 97.8662  22544.314110  x:  0.28601   0.03464   0.02467   0.03938   0.12057   0.01154   0.01504   0.02273   0.02438   0.00585   0.02468   0.02047   0.03318   0.04761   0.05990   0.00580   0.03476   0.00055   0.08179   0.05160   0.11415   0.08411   0.07349   0.01598   0.00570   0.02745   0.02192   0.05234   0.14906   0.19278   0.12791   0.02107   0.11785   0.06679   0.01044   0.01136   0.04670   0.02244   0.01428   0.02300   0.02046   0.00126   0.06710   0.30861   0.02659   0.03936   0.01369   0.28773   0.17798   0.14003   0.35570   0.15902   0.00495   0.03621   0.02526   0.01755   0.12588   0.08832   0.00738   0.01897   0.00396   0.13847   0.13399   0.02351   0.03943   0.04048   0.01507   0.06535   0.04261   0.04978   0.05180   0.20175   0.17946   0.03725   0.02841   3.27947   0.18632  
 49 69.3542  22544.241880  x:  0.28661   0.03441   0.02499   0.03943   0.11967   0.01155   0.01507   0.02252   0.02464   0.00583   0.02493   0.02050   0.03310   0.04774   0.05985   0.00578   0.03523   0.00041   0.08174   0.05146   0.11291   0.08436   0.07350   0.01595   0.00569   0.02733   0.02155   0.05231   0.14990   0.19234   0.12765   0.02064   0.11824   0.06627   0.01050   0.01135   0.04659   0.02242   0.01429   0.02276   0.02045   0.00126   0.06723   0.30860   0.02692   0.03917   0.01372   0.28758   0.17855   0.13982   0.35618   0.15812   0.00494   0.03620   0.02557   0.01753   0.12572   0.08797   0.00742   0.01895   0.00402   0.13745   0.13374   0.02358   0.03920   0.04047   0.01506   0.06517   0.04237   0.04966   0.05166   0.20049   0.18011   0.03691   0.02768   3.27947   0.18635  
 50 70.1288  22544.201085  x:  0.28700   0.03426   0.02482   0.03937   0.11921   0.01160   0.01509   0.02262   0.02454   0.00584   0.02492   0.02039   0.03311   0.04795   0.05950   0.00581   0.03470   0.00048   0.08156   0.05115   0.11160   0.08449   0.07349   0.01592   0.00571   0.02741   0.02177   0.05221   0.15036   0.19218   0.12745   0.02062   0.11851   0.06624   0.01043   0.01138   0.04677   0.02202   0.01434   0.02321   0.02046   0.00126   0.06765   0.30850   0.02704   0.03875   0.01380   0.28757   0.17895   0.14004   0.35639   0.15768   0.00493   0.03627   0.02542   0.01756   0.12584   0.08805   0.00744   0.01888   0.00408   0.13691   0.13368   0.02380   0.03837   0.04045   0.01509   0.06486   0.04263   0.04969   0.05152   0.19963   0.18075   0.03658   0.02775   3.27949   0.18648  
 51 45.0935  22544.170243  x:  0.28737   0.03392   0.02501   0.03916   0.11927   0.01162   0.01505   0.02288   0.02443   0.00583   0.02473   0.02052   0.03337   0.04803   0.05893   0.00582   0.03494   0.00045   0.08143   0.05107   0.11117   0.08426   0.07327   0.01596   0.00571   0.02734   0.02176   0.05253   0.15053   0.19213   0.12712   0.02055   0.11846   0.06683   0.01046   0.01139   0.04670   0.02197   0.01435   0.02275   0.02046   0.00126   0.06790   0.30806   0.02689   0.03869   0.01388   0.28756   0.17903   0.14036   0.35635   0.15745   0.00493   0.03629   0.02539   0.01754   0.12622   0.08830   0.00745   0.01892   0.00408   0.13689   0.13369   0.02366   0.03831   0.04044   0.01510   0.06522   0.04276   0.04975   0.05123   0.19865   0.18149   0.03683   0.02852   3.27956   0.18647  
 52 15.2991  22544.080560  x:  0.28846   0.03364   0.02489   0.03910   0.12021   0.01164   0.01514   0.02211   0.02478   0.00582   0.02486   0.02047   0.03293   0.04776   0.05865   0.00582   0.03491   0.00047   0.08131   0.05131   0.11080   0.08363   0.07291   0.01598   0.00572   0.02735   0.02180   0.05289   0.15062   0.19223   0.12630   0.02099   0.11811   0.06810   0.01039   0.01138   0.04657   0.02210   0.01429   0.02336   0.02043   0.00126   0.06804   0.30658   0.02689   0.03925   0.01385   0.28762   0.17903   0.14152   0.35602   0.15723   0.00491   0.03627   0.02547   0.01756   0.12754   0.08903   0.00747   0.01884   0.00406   0.13746   0.13387   0.02372   0.03922   0.04048   0.01508   0.06594   0.04293   0.04995   0.05124   0.19619   0.18363   0.03674   0.02788   3.27984   0.18647  
 53 25.3911  22543.918879  x:  0.29029   0.03387   0.02487   0.03952   0.12191   0.01151   0.01507   0.02357   0.02404   0.00580   0.02519   0.02010   0.03348   0.04756   0.05994   0.00583   0.03457   0.00048   0.08157   0.05151   0.11141   0.08344   0.07303   0.01592   0.00575   0.02770   0.02146   0.05244   0.15046   0.19255   0.12540   0.02119   0.11752   0.06772   0.01052   0.01140   0.04635   0.02223   0.01425   0.02268   0.02040   0.00127   0.06725   0.30417   0.02708   0.03919   0.01382   0.28777   0.17887   0.14297   0.35547   0.15707   0.00486   0.03644   0.02540   0.01761   0.12921   0.08931   0.00752   0.01896   0.00403   0.13856   0.13414   0.02370   0.03871   0.04050   0.01510   0.06559   0.04253   0.04982   0.05180   0.19323   0.18638   0.03656   0.02700   3.28039   0.18655  
 54 41.0059  22543.656102  x:  0.29286   0.03393   0.02529   0.03976   0.12361   0.01144   0.01513   0.02218   0.02509   0.00577   0.02468   0.02057   0.03334   0.04791   0.06118   0.00582   0.03491   0.00044   0.08212   0.05142   0.11307   0.08406   0.07358   0.01586   0.00578   0.02722   0.02184   0.05207   0.15008   0.19297   0.12481   0.02070   0.11700   0.06572   0.01041   0.01137   0.04590   0.02226   0.01417   0.02329   0.02034   0.00127   0.06620   0.30097   0.02716   0.03840   0.01415   0.28798   0.17856   0.14398   0.35481   0.15679   0.00482   0.03659   0.02554   0.01762   0.13046   0.08862   0.00760   0.01901   0.00400   0.13967   0.13432   0.02396   0.03747   0.04042   0.01516   0.06446   0.04228   0.04940   0.05204   0.19060   0.18877   0.03713   0.02873   3.28131   0.18669  
 55 61.4367  22542.449701  x:  0.30174   0.03203   0.02476   0.03864   0.12490   0.01173   0.01520   0.02146   0.02204   0.00568   0.02439   0.01998   0.03294   0.04900   0.05801   0.00593   0.03482   0.00031   0.08247   0.05080   0.11713   0.08771   0.07539   0.01548   0.00588   0.02821   0.02184   0.05389   0.14824   0.19409   0.12627   0.02124   0.11803   0.06137   0.01045   0.01144   0.04462   0.02177   0.01420   0.02318   0.02014   0.00129   0.06813   0.29122   0.02750   0.03904   0.01556   0.28871   0.17790   0.14354   0.35321   0.15564   0.00473   0.03696   0.02451   0.01755   0.12953   0.08470   0.00786   0.01886   0.00409   0.14040   0.13407   0.02406   0.04040   0.04028   0.01521   0.06311   0.04579   0.04970   0.05022   0.18935   0.18989   0.03504   0.02895   3.28552   0.18722  
 56 45.4749  22540.162403  x:  0.31687   0.03169   0.02460   0.03867   0.12475   0.01203   0.01523   0.02578   0.02931   0.00541   0.02580   0.02065   0.03409   0.04804   0.05548   0.00618   0.03261   0.00050   0.08131   0.05125   0.11908   0.09137   0.07676   0.01520   0.00618   0.02654   0.02099   0.05490   0.14489   0.19583   0.12984   0.02305   0.12092   0.06029   0.01038   0.01154   0.04246   0.02103   0.01428   0.02276   0.01984   0.00134   0.07260   0.27543   0.02671   0.04015   0.01589   0.29008   0.17748   0.14230   0.35067   0.15438   0.00448   0.03742   0.02663   0.01761   0.12627   0.08189   0.00805   0.01950   0.00432   0.14001   0.13355   0.02383   0.04148   0.04051   0.01540   0.06344   0.04657   0.05086   0.04985   0.19132   0.18890   0.03519   0.02832   3.29399   0.18810  
 57 207.3981  22533.498485  x:  0.35064   0.03389   0.02914   0.04069   0.11949   0.01186   0.01569   0.02204   0.02380   0.00485   0.02490   0.02046   0.03327   0.04468   0.05824   0.00646   0.03459   0.00060   0.07772   0.05386   0.11781   0.09201   0.07499   0.01585   0.00665   0.02800   0.02174   0.05399   0.13789   0.19794   0.13700   0.02129   0.12683   0.06749   0.01015   0.01153   0.03414   0.02189   0.01318   0.02329   0.01867   0.00143   0.07756   0.23956   0.02748   0.03977   0.01428   0.29266   0.17628   0.13747   0.34465   0.15186   0.00389   0.03666   0.02561   0.01723   0.11714   0.08257   0.00797   0.02036   0.00494   0.13609   0.13182   0.02445   0.03556   0.04087   0.01545   0.06934   0.03859   0.05140   0.05242   0.19926   0.18196   0.03982   0.02652   3.31710   0.18935  
 58 376.1261  22525.555154  x:  0.37027   0.03227   0.02445   0.03857   0.11108   0.01085   0.01544   0.02280   0.02592   0.00410   0.02606   0.02101   0.03513   0.05077   0.06649   0.00712   0.03973   0.00076   0.08122   0.05207   0.11240   0.07976   0.06867   0.01702   0.00739   0.02785   0.02133   0.05373   0.13637   0.19518   0.13576   0.01617   0.12619   0.07108   0.01028   0.01157   0.02403   0.02421   0.01262   0.02292   0.01732   0.00155   0.06299   0.21789   0.02816   0.03775   0.01584   0.29453   0.17471   0.13293   0.34185   0.15215   0.00319   0.03813   0.02459   0.01698   0.11418   0.09044   0.00766   0.02004   0.00561   0.13080   0.12987   0.02401   0.03893   0.03934   0.01579   0.06936   0.04910   0.04684   0.05249   0.20569   0.17213   0.03247   0.02865   3.34470   0.19144  
 59 264.3829  22512.389197  x:  0.36768   0.02932   0.03235   0.03889   0.09852   0.01157   0.01609   0.02366   0.02268   0.00297   0.02482   0.02109   0.03305   0.05011   0.05758   0.00820   0.03704   0.00098   0.08856   0.05140   0.11287   0.06929   0.06830   0.01789   0.00868   0.02680   0.02311   0.05543   0.14301   0.18393   0.12354   0.02941   0.11859   0.06428   0.00978   0.01191   0.01043   0.02057   0.01252   0.02348   0.01534   0.00176   0.04815   0.21157   0.02730   0.04197   0.01959   0.29460   0.16593   0.12711   0.34010   0.15336   0.00179   0.03722   0.03379   0.01651   0.11976   0.09509   0.00816   0.02213   0.00673   0.12563   0.12730   0.02587   0.03916   0.04202   0.01649   0.06359   0.04478   0.04827   0.04563   0.20241   0.16065   0.03838   0.02610   3.39029   0.19579  
 60 269.9680  22501.937049  x:  0.35872   0.03159   0.03369   0.03848   0.09383   0.01171   0.01658   0.02326   0.02516   0.00223   0.02593   0.02139   0.03381   0.04810   0.05649   0.00866   0.03779   0.00099   0.09001   0.05323   0.11652   0.07026   0.06965   0.01772   0.00932   0.02809   0.02166   0.05676   0.14764   0.17689   0.11633   0.02739   0.11433   0.06276   0.00973   0.01201   0.00155   0.02016   0.01176   0.02303   0.01410   0.00188   0.05252   0.21482   0.02753   0.04190   0.01955   0.29390   0.16011   0.12478   0.34005   0.15284   0.00106   0.03738   0.02609   0.01641   0.12327   0.09332   0.00856   0.02275   0.00733   0.12438   0.12631   0.02579   0.03865   0.04120   0.01667   0.06520   0.04444   0.04958   0.04725   0.19694   0.15704   0.03794   0.02560   3.41695   0.19794  
 61 623.0483  22499.898501  x:  0.35496   0.03421   0.03589   0.03172   0.09386   0.01211   0.01672   0.02330   0.02356   0.00214   0.02527   0.02104   0.03468   0.05050   0.05784   0.00900   0.03758   0.00109   0.08852   0.05696   0.11742   0.07250   0.06880   0.01799   0.00954   0.02754   0.02238   0.05521   0.14767   0.17614   0.11667   0.02425   0.11473   0.06330   0.00959   0.01224   0.00123   0.01628   0.01104   0.02335   0.01399   0.00191   0.05421   0.21742   0.02791   0.04187   0.01655   0.29378   0.15898   0.12513   0.34026   0.15176   0.00075   0.03764   0.03171   0.01649   0.12290   0.09247   0.00875   0.02229   0.00761   0.12461   0.12632   0.02571   0.04067   0.04085   0.01666   0.06564   0.04527   0.04839   0.04955   0.19477   0.15801   0.03725   0.02606   3.42405   0.19917  
 62 284.8229  22499.560111  x:  0.35323   0.03366   0.03762   0.03011   0.09436   0.01216   0.01680   0.02335   0.02425   0.00211   0.02551   0.02096   0.03452   0.05174   0.05786   0.00906   0.03759   0.00110   0.08745   0.05764   0.11749   0.07301   0.06768   0.01790   0.00959   0.02783   0.02189   0.05470   0.14623   0.17719   0.11972   0.02517   0.11664   0.06373   0.00960   0.01231   0.00137   0.01513   0.01102   0.02324   0.01399   0.00192   0.05202   0.21865   0.02783   0.04203   0.01631   0.29392   0.15888   0.12564   0.34023   0.15037   0.00076   0.03735   0.02945   0.01650   0.12103   0.09254   0.00881   0.02238   0.00766   0.12472   0.12632   0.02564   0.04105   0.04129   0.01665   0.06515   0.04490   0.04753   0.04904   0.19356   0.15965   0.03772   0.02569   3.42524   0.19946  
 63 92.2651  22499.434139  x:  0.35212   0.03310   0.03759   0.03068   0.09471   0.01210   0.01676   0.02339   0.02413   0.00210   0.02549   0.02098   0.03444   0.05185   0.05812   0.00905   0.03769   0.00111   0.08703   0.05736   0.11757   0.07323   0.06735   0.01792   0.00960   0.02776   0.02198   0.05480   0.14533   0.17788   0.12161   0.02541   0.11776   0.06409   0.00960   0.01229   0.00105   0.01557   0.01107   0.02326   0.01395   0.00192   0.05139   0.21944   0.02783   0.04198   0.01670   0.29401   0.15884   0.12593   0.34022   0.14953   0.00077   0.03740   0.02983   0.01647   0.11990   0.09248   0.00882   0.02244   0.00765   0.12478   0.12632   0.02570   0.04095   0.04135   0.01668   0.06520   0.04501   0.04739   0.04882   0.19280   0.16067   0.03762   0.02573   3.42566   0.19941  
 64 115.2573  22499.375070  x:  0.35157   0.03310   0.03769   0.03075   0.09468   0.01215   0.01679   0.02332   0.02413   0.00210   0.02548   0.02097   0.03460   0.05139   0.05748   0.00906   0.03753   0.00112   0.08834   0.05733   0.11743   0.07187   0.06756   0.01796   0.00960   0.02779   0.02197   0.05505   0.14391   0.17866   0.12296   0.02471   0.11811   0.06344   0.00960   0.01230   0.00106   0.01544   0.01102   0.02326   0.01395   0.00192   0.05137   0.21991   0.02784   0.04206   0.01644   0.29407   0.15903   0.12592   0.34023   0.14896   0.00076   0.03747   0.02984   0.01647   0.11914   0.09283   0.00883   0.02242   0.00767   0.12460   0.12615   0.02567   0.04106   0.04082   0.01667   0.06513   0.04466   0.04823   0.04935   0.19232   0.16158   0.03736   0.02586   3.42586   0.19946  
 65 35.0595  22499.353728  x:  0.35146   0.03320   0.03759   0.03059   0.09451   0.01213   0.01680   0.02334   0.02413   0.00210   0.02549   0.02096   0.03456   0.05136   0.05767   0.00907   0.03773   0.00112   0.08895   0.05735   0.11744   0.07134   0.06776   0.01797   0.00961   0.02780   0.02197   0.05497   0.14295   0.17910   0.12321   0.02488   0.11778   0.06325   0.00960   0.01230   0.00106   0.01545   0.01102   0.02327   0.01395   0.00192   0.05196   0.22020   0.02785   0.04201   0.01641   0.29409   0.15928   0.12566   0.34035   0.14887   0.00076   0.03744   0.02985   0.01647   0.11911   0.09284   0.00882   0.02238   0.00770   0.12435   0.12594   0.02568   0.04090   0.04144   0.01666   0.06532   0.04491   0.04767   0.04896   0.19214   0.16195   0.03766   0.02570   3.42592   0.19945  
 66 13.7635  22499.274039  x:  0.35135   0.03288   0.03769   0.03101   0.09355   0.01211   0.01678   0.02338   0.02413   0.00210   0.02549   0.02097   0.03446   0.05187   0.05797   0.00908   0.03768   0.00112   0.08817   0.05740   0.11748   0.07182   0.06759   0.01797   0.00962   0.02777   0.02199   0.05484   0.13983   0.18055   0.12277   0.02549   0.11578   0.06352   0.00959   0.01231   0.00108   0.01543   0.01107   0.02326   0.01396   0.00192   0.05203   0.22103   0.02784   0.04190   0.01641   0.29413   0.16017   0.12434   0.34086   0.14895   0.00076   0.03727   0.02989   0.01647   0.11984   0.09235   0.00886   0.02248   0.00778   0.12334   0.12520   0.02569   0.04104   0.04024   0.01669   0.06544   0.04463   0.04760   0.04890   0.19162   0.16252   0.03737   0.02583   3.42610   0.19950  
 67 10.1335  22499.136686  x:  0.35100   0.03281   0.03727   0.03111   0.09294   0.01220   0.01681   0.02328   0.02410   0.00211   0.02552   0.02094   0.03473   0.05112   0.05738   0.00908   0.03767   0.00112   0.08681   0.05713   0.11754   0.07264   0.06736   0.01796   0.00961   0.02780   0.02195   0.05495   0.13774   0.18193   0.12204   0.02450   0.11482   0.06381   0.00959   0.01231   0.00109   0.01546   0.01104   0.02328   0.01395   0.00192   0.05088   0.22179   0.02784   0.04208   0.01629   0.29411   0.16072   0.12332   0.34123   0.14885   0.00076   0.03754   0.02993   0.01648   0.12034   0.09188   0.00890   0.02239   0.00784   0.12275   0.12492   0.02567   0.04093   0.04261   0.01665   0.06517   0.04495   0.04873   0.04976   0.19088   0.16253   0.03748   0.02584   3.42640   0.19956  
 68 19.6936  22496.138997  x:  0.34127   0.03813   0.03484   0.03117   0.09423   0.01261   0.01730   0.02294   0.02391   0.00216   0.02581   0.02038   0.03574   0.04371   0.05565   0.00919   0.03901   0.00121   0.08415   0.05547   0.11918   0.07440   0.06771   0.01790   0.00979   0.02806   0.02172   0.05628   0.13576   0.19466   0.11502   0.02133   0.12559   0.06448   0.00949   0.01240   0.00133   0.01566   0.01091   0.02348   0.01390   0.00196   0.04885   0.23065   0.02809   0.04292   0.01673   0.29328   0.16044   0.12024   0.34346   0.14399   0.00104   0.03832   0.03097   0.01651   0.11997   0.09044   0.00912   0.02239   0.00786   0.12433   0.12880   0.02602   0.03924   0.03774   0.01705   0.06580   0.04767   0.04416   0.04639   0.17947   0.15473   0.03980   0.02457   3.43253   0.20026  
 69 16.5272  22491.179734  x:  0.32355   0.03664   0.03733   0.03676   0.09602   0.01202   0.01709   0.02328   0.02378   0.00227   0.02578   0.01978   0.03503   0.05338   0.06085   0.00925   0.04090   0.00140   0.08574   0.05623   0.12246   0.07453   0.06815   0.01779   0.01014   0.02789   0.02190   0.05824   0.13821   0.20649   0.11051   0.02377   0.13772   0.06517   0.00925   0.01266   0.00195   0.01576   0.01141   0.02349   0.01382   0.00204   0.05502   0.24347   0.02854   0.04123   0.01915   0.29151   0.15734   0.11892   0.34595   0.13672   0.00151   0.03859   0.03224   0.01635   0.11820   0.08891   0.00953   0.02372   0.00797   0.12619   0.13163   0.02619   0.04013   0.04275   0.01751   0.06936   0.04556   0.04889   0.04957   0.16442   0.14534   0.03453   0.02676   3.44297   0.20098  
 70 218.1939  22483.633039  x:  0.29752   0.02454   0.03645   0.03907   0.09701   0.01208   0.01738   0.02224   0.02338   0.00243   0.02632   0.01850   0.03735   0.05042   0.06533   0.00943   0.03943   0.00158   0.08359   0.05857   0.12854   0.07936   0.06911   0.01744   0.01063   0.02848   0.02154   0.05766   0.14796   0.18824   0.13005   0.01627   0.12709   0.06745   0.00911   0.01295   0.00273   0.01634   0.01159   0.02356   0.01369   0.00214   0.05777   0.25869   0.02863   0.04376   0.02236   0.28802   0.14983   0.12632   0.34948   0.13041   0.00217   0.04083   0.03456   0.01633   0.11448   0.08554   0.00981   0.02389   0.00908   0.12238   0.12155   0.02725   0.03696   0.04015   0.01837   0.07270   0.05147   0.05009   0.04987   0.16047   0.15639   0.04088   0.02395   3.45808   0.20273  
 71 151.9820  22480.701548  x:  0.28703   0.03424   0.03638   0.04046   0.09657   0.01228   0.01772   0.02263   0.02322   0.00250   0.02624   0.01823   0.03681   0.04692   0.06383   0.00947   0.04331   0.00173   0.08096   0.05561   0.13054   0.08204   0.06885   0.01748   0.01079   0.02815   0.02176   0.06062   0.15025   0.17544   0.13933   0.01807   0.12199   0.06829   0.00903   0.01305   0.00308   0.01654   0.01179   0.02357   0.01363   0.00219   0.05742   0.26431   0.02916   0.04148   0.02324   0.28637   0.14588   0.12901   0.35037   0.12874   0.00249   0.04069   0.03558   0.01620   0.11204   0.08497   0.00975   0.02431   0.00933   0.12051   0.11837   0.02727   0.03786   0.04193   0.01862   0.07354   0.04989   0.04831   0.04828   0.16076   0.16591   0.03440   0.02635   3.46416   0.20297  
 72 333.0618  22480.373357  x:  0.28607   0.03448   0.03558   0.04110   0.09608   0.01227   0.01762   0.02265   0.02318   0.00250   0.02627   0.01819   0.03678   0.04898   0.06323   0.00946   0.04350   0.00173   0.08078   0.05525   0.13078   0.08208   0.06897   0.01748   0.01079   0.02821   0.02169   0.06200   0.14705   0.16944   0.13759   0.01781   0.12460   0.06830   0.00901   0.01307   0.00312   0.01660   0.01184   0.02360   0.01363   0.00219   0.05733   0.26523   0.02900   0.04206   0.02340   0.28611   0.14525   0.12692   0.35078   0.12993   0.00252   0.04078   0.03572   0.01617   0.11079   0.08469   0.00972   0.02443   0.00913   0.12102   0.12257   0.02731   0.03730   0.04165   0.01867   0.07359   0.05012   0.04769   0.04967   0.16176   0.16973   0.03576   0.02568   3.46483   0.20298  
 73 64.1203  22480.309099  x:  0.28593   0.03350   0.03613   0.04110   0.09591   0.01227   0.01768   0.02261   0.02318   0.00250   0.02626   0.01819   0.03683   0.04783   0.06376   0.00947   0.04321   0.00173   0.08083   0.05574   0.13079   0.08206   0.06893   0.01750   0.01080   0.02817   0.02174   0.06113   0.14600   0.16776   0.13681   0.01776   0.12574   0.06831   0.00901   0.01307   0.00314   0.01658   0.01183   0.02358   0.01363   0.00219   0.05746   0.26549   0.02911   0.04166   0.02337   0.28607   0.14518   0.12621   0.35093   0.13051   0.00254   0.04073   0.03573   0.01617   0.11055   0.08465   0.00972   0.02443   0.00908   0.12140   0.12357   0.02725   0.03761   0.04188   0.01866   0.07364   0.05008   0.04797   0.04885   0.16207   0.17068   0.03493   0.02611   3.46496   0.20302  
 74 43.4996  22480.299727  x:  0.28592   0.03359   0.03618   0.04081   0.09577   0.01226   0.01768   0.02263   0.02318   0.00251   0.02628   0.01818   0.03680   0.04783   0.06392   0.00947   0.04348   0.00174   0.08083   0.05531   0.13080   0.08206   0.06888   0.01750   0.01081   0.02816   0.02175   0.06084   0.14582   0.16751   0.13669   0.01789   0.12627   0.06831   0.00901   0.01307   0.00313   0.01660   0.01186   0.02360   0.01363   0.00219   0.05754   0.26553   0.02908   0.04174   0.02351   0.28607   0.14520   0.12609   0.35095   0.13089   0.00254   0.04076   0.03573   0.01617   0.11068   0.08462   0.00972   0.02440   0.00909   0.12175   0.12283   0.02729   0.03754   0.04176   0.01867   0.07366   0.05023   0.04843   0.04884   0.16204   0.17082   0.03505   0.02603   3.46498   0.20301  
 75  6.1190  22480.275321  x:  0.28587   0.03353   0.03614   0.04124   0.09555   0.01228   0.01767   0.02259   0.02318   0.00250   0.02626   0.01819   0.03686   0.04802   0.06373   0.00947   0.04307   0.00174   0.08080   0.05554   0.13077   0.08204   0.06894   0.01750   0.01080   0.02818   0.02174   0.06115   0.14562   0.16721   0.13654   0.01749   0.12716   0.06831   0.00901   0.01307   0.00313   0.01655   0.01183   0.02358   0.01362   0.00219   0.05747   0.26561   0.02906   0.04181   0.02335   0.28604   0.14527   0.12593   0.35095   0.13170   0.00254   0.04074   0.03570   0.01617   0.11098   0.08461   0.00973   0.02441   0.00914   0.12239   0.12116   0.02729   0.03768   0.04192   0.01866   0.07363   0.04995   0.04779   0.04887   0.16193   0.17093   0.03495   0.02611   3.46503   0.20304  
 76  6.8922  22480.073415  x:  0.28536   0.03311   0.03519   0.04096   0.09575   0.01233   0.01779   0.02283   0.02327   0.00252   0.02627   0.01812   0.03640   0.04738   0.06291   0.00946   0.04443   0.00171   0.08087   0.05849   0.13077   0.08203   0.06899   0.01750   0.01080   0.02817   0.02172   0.06226   0.14564   0.16694   0.13638   0.01887   0.12762   0.06808   0.00907   0.01312   0.00312   0.01663   0.01185   0.02360   0.01361   0.00219   0.05711   0.26585   0.02968   0.03977   0.02285   0.28587   0.14532   0.12583   0.35061   0.13332   0.00261   0.04025   0.03565   0.01622   0.11109   0.08448   0.00970   0.02426   0.00922   0.12238   0.12007   0.02735   0.03670   0.04165   0.01868   0.07358   0.05071   0.04813   0.04997   0.16158   0.17066   0.03504   0.02588   3.46553   0.20288  
 77  4.6315  22473.834415  x:  0.26667   0.03983   0.03498   0.04016   0.10137   0.01299   0.01881   0.02195   0.02564   0.00268   0.02669   0.01603   0.03754   0.04907   0.06336   0.00963   0.04166   0.00183   0.08172   0.06151   0.13041   0.08217   0.07039   0.01655   0.01111   0.03014   0.01965   0.06224   0.14823   0.16451   0.13054   0.01507   0.11711   0.06594   0.00980   0.01392   0.00220   0.01338   0.01118   0.02303   0.01296   0.00229   0.06150   0.26950   0.02997   0.04147   0.02117   0.28091   0.14114   0.12606   0.33683   0.15883   0.00494   0.04073   0.02951   0.01693   0.10914   0.08444   0.00954   0.02495   0.01004   0.11315   0.12384   0.02697   0.03724   0.04045   0.01917   0.07309   0.04891   0.05462   0.04446   0.15435   0.16324   0.03736   0.02561   3.48098   0.20581  
 78 21.2581  22471.034696  x:  0.25804   0.03721   0.03881   0.03775   0.10105   0.01354   0.01950   0.02176   0.02658   0.00276   0.02683   0.01507   0.03744   0.04465   0.06045   0.00983   0.04214   0.00191   0.08280   0.05698   0.12978   0.08200   0.07092   0.01602   0.01140   0.03063   0.01909   0.05860   0.14812   0.16328   0.12471   0.01751   0.11157   0.06530   0.01003   0.01426   0.00185   0.01206   0.01168   0.02279   0.01268   0.00234   0.06527   0.27132   0.02981   0.04228   0.02420   0.27845   0.13900   0.12709   0.33080   0.15756   0.00614   0.04126   0.02689   0.01719   0.11084   0.08487   0.00931   0.02592   0.01011   0.11668   0.12437   0.02675   0.03832   0.04014   0.01955   0.07236   0.04853   0.04792   0.05584   0.15673   0.16034   0.03573   0.02672   3.48799   0.20729  
 79 181.7792  22469.291871  x:  0.25264   0.03905   0.03709   0.03820   0.09818   0.01372   0.01976   0.02168   0.02723   0.00281   0.02689   0.01464   0.03740   0.04579   0.06070   0.00983   0.04166   0.00192   0.08318   0.05992   0.12873   0.08217   0.07140   0.01587   0.01143   0.03110   0.01860   0.05940   0.14602   0.16179   0.11832   0.01695   0.10891   0.06475   0.01023   0.01447   0.00162   0.01118   0.01150   0.02261   0.01251   0.00236   0.06584   0.27265   0.03019   0.04158   0.02279   0.27586   0.13699   0.12860   0.32699   0.14048   0.00681   0.04069   0.02529   0.01742   0.11739   0.08500   0.00903   0.02578   0.00990   0.12653   0.12233   0.02694   0.03798   0.03975   0.01965   0.07202   0.04813   0.05092   0.05286   0.16567   0.16060   0.03679   0.02631   3.49217   0.20784  
 80 128.5282  22469.196657  x:  0.25208   0.03903   0.03729   0.03813   0.09890   0.01372   0.01977   0.02167   0.02726   0.00281   0.02690   0.01459   0.03741   0.04576   0.06068   0.00983   0.04171   0.00193   0.08337   0.05987   0.12925   0.08220   0.07125   0.01586   0.01144   0.03113   0.01856   0.05945   0.14587   0.16192   0.11908   0.01678   0.11090   0.06471   0.01024   0.01449   0.00161   0.01117   0.01150   0.02261   0.01250   0.00237   0.06589   0.27259   0.03019   0.04158   0.02284   0.27563   0.13602   0.12819   0.32659   0.13918   0.00681   0.04076   0.02519   0.01747   0.12191   0.08507   0.00898   0.02583   0.01000   0.12382   0.12246   0.02688   0.03797   0.03976   0.01966   0.07208   0.04807   0.05088   0.05304   0.16735   0.16098   0.03673   0.02633   3.49238   0.20783  
 81 30.9277  22469.169522  x:  0.25195   0.03893   0.03744   0.03794   0.09890   0.01371   0.01976   0.02168   0.02728   0.00281   0.02693   0.01458   0.03742   0.04591   0.06074   0.00983   0.04190   0.00195   0.08290   0.05984   0.12898   0.08211   0.07338   0.01572   0.01144   0.03111   0.01857   0.05940   0.14578   0.16200   0.11914   0.01677   0.11099   0.06497   0.01024   0.01449   0.00160   0.01121   0.01150   0.02261   0.01249   0.00237   0.06555   0.27257   0.03018   0.04156   0.02286   0.27561   0.13597   0.12829   0.32638   0.13920   0.00681   0.04077   0.02517   0.01748   0.12199   0.08532   0.00897   0.02582   0.01000   0.12378   0.12249   0.02686   0.03801   0.03973   0.01965   0.07233   0.04807   0.05089   0.05302   0.16741   0.16100   0.03660   0.02635   3.49235   0.20782  
 82  0.8509  22460.396856  x:  0.22764   0.04053   0.03292   0.03978   0.10563   0.01440   0.02037   0.02138   0.02819   0.00362   0.02592   0.01238   0.03663   0.04683   0.06109   0.00927   0.03849   0.00252   0.07981   0.05876   0.12197   0.08536   0.07059   0.01410   0.01148   0.03249   0.01788   0.05652   0.13377   0.17523   0.12124   0.01951   0.11634   0.06650   0.01178   0.01535   0.00250   0.02084   0.01219   0.02287   0.01119   0.00247   0.06979   0.27246   0.03193   0.04048   0.02536   0.26607   0.13063   0.13624   0.27386   0.14228   0.00602   0.04050   0.02623   0.02195   0.12011   0.08664   0.00764   0.02702   0.00988   0.13170   0.12438   0.02680   0.03780   0.03977   0.01979   0.06943   0.04636   0.04930   0.05183   0.17306   0.16277   0.03735   0.02847   3.48049   0.20892  
 83  1.9492  22451.599697  x:  0.24012   0.03946   0.02655   0.04382   0.09069   0.01491   0.02059   0.02181   0.02736   0.00433   0.02573   0.01858   0.03648   0.04598   0.06122   0.00769   0.04030   0.00352   0.07954   0.05449   0.12085   0.08459   0.07213   0.01404   0.01044   0.03189   0.01946   0.05445   0.13632   0.17464   0.12344   0.02127   0.12160   0.06859   0.01273   0.01585   0.00279   0.01769   0.01300   0.02331   0.00903   0.00246   0.07032   0.23456   0.03287   0.03833   0.02842   0.26183   0.11329   0.13021   0.23596   0.13897   0.00683   0.03795   0.02868   0.02310   0.11757   0.08531   0.00568   0.02739   0.01011   0.12547   0.12311   0.02764   0.03631   0.04039   0.01945   0.07069   0.04567   0.04792   0.05035   0.15995   0.16258   0.03699   0.02812   3.41911   0.20738  
 84  0.0700  22449.298681  x:  0.21829   0.03938   0.02958   0.04107   0.08602   0.01442   0.02009   0.02195   0.02689   0.00451   0.02639   0.01695   0.03682   0.04689   0.06142   0.00768   0.04022   0.00396   0.08013   0.05534   0.12293   0.08247   0.07102   0.01518   0.01043   0.03131   0.01979   0.05410   0.13834   0.17044   0.12244   0.02006   0.12026   0.06670   0.01245   0.01543   0.00278   0.01777   0.01250   0.02324   0.00824   0.00251   0.06811   0.21804   0.03201   0.03837   0.02814   0.26102   0.11128   0.12599   0.24931   0.13736   0.00652   0.03732   0.02755   0.02155   0.11653   0.08285   0.00616   0.02680   0.01045   0.12127   0.12186   0.02727   0.03737   0.03997   0.01905   0.07151   0.04591   0.04791   0.05057   0.15198   0.16000   0.03646   0.02684   3.39535   0.20694  
 85  0.0521  22448.454694  x:  0.21947   0.03911   0.03078   0.03973   0.08793   0.01365   0.01941   0.02195   0.02635   0.00452   0.02654   0.01518   0.03667   0.04722   0.06209   0.00785   0.03962   0.00415   0.08013   0.05610   0.12260   0.08075   0.07013   0.01585   0.01048   0.03079   0.02007   0.05441   0.13742   0.16774   0.12351   0.01906   0.11730   0.06590   0.01162   0.01487   0.00284   0.01655   0.01241   0.02295   0.00779   0.00255   0.06574   0.21848   0.03093   0.03873   0.02948   0.25923   0.11303   0.12588   0.23416   0.13963   0.00589   0.03766   0.02757   0.01973   0.11605   0.08340   0.00676   0.02598   0.01047   0.12028   0.12166   0.02676   0.03790   0.04001   0.01874   0.07138   0.04670   0.04819   0.05087   0.15606   0.15747   0.03653   0.02619   3.39558   0.20685  
 86  0.0208  22448.168141  x:  0.21994   0.03916   0.03046   0.03936   0.08778   0.01340   0.01895   0.02193   0.02659   0.00449   0.02643   0.01607   0.03637   0.04705   0.06143   0.00799   0.03894   0.00428   0.08039   0.05656   0.12238   0.08131   0.07001   0.01572   0.01045   0.03069   0.01973   0.05459   0.13537   0.16912   0.12294   0.01901   0.11708   0.06608   0.01115   0.01441   0.00290   0.01632   0.01224   0.02270   0.00752   0.00258   0.06513   0.22039   0.03056   0.03890   0.02980   0.25901   0.10984   0.12804   0.23792   0.13957   0.00471   0.03757   0.02719   0.01920   0.11739   0.08452   0.00738   0.02529   0.01015   0.12266   0.12249   0.02644   0.03778   0.04009   0.01859   0.07056   0.04685   0.04827   0.05092   0.15603   0.15811   0.03699   0.02636   3.39503   0.20673  
 87  0.0064  22448.034460  x:  0.22138   0.03925   0.03037   0.03886   0.08688   0.01357   0.01889   0.02195   0.02677   0.00455   0.02634   0.01631   0.03638   0.04732   0.06072   0.00803   0.03893   0.00451   0.08030   0.05646   0.12239   0.08167   0.07017   0.01546   0.01031   0.03081   0.01967   0.05408   0.13623   0.16911   0.12178   0.01941   0.11766   0.06620   0.01109   0.01431   0.00293   0.01650   0.01227   0.02278   0.00711   0.00262   0.06546   0.21900   0.03082   0.03877   0.02972   0.25924   0.11371   0.12682   0.23659   0.13791   0.00410   0.03726   0.02735   0.01962   0.11765   0.08413   0.00766   0.02493   0.00999   0.12252   0.12184   0.02643   0.03784   0.04006   0.01864   0.07032   0.04632   0.04808   0.05115   0.15549   0.15941   0.03689   0.02658   3.39801   0.20695  
 88  0.0047  22447.861392  x:  0.22126   0.03977   0.03004   0.03901   0.08734   0.01388   0.01917   0.02194   0.02664   0.00472   0.02623   0.01588   0.03652   0.04748   0.06114   0.00806   0.03898   0.00496   0.08029   0.05611   0.12203   0.08181   0.07048   0.01542   0.01003   0.03098   0.02008   0.05388   0.13689   0.16879   0.12297   0.01988   0.11746   0.06643   0.01140   0.01446   0.00296   0.01629   0.01253   0.02294   0.00625   0.00272   0.06613   0.21875   0.03120   0.03863   0.02968   0.25952   0.11090   0.12648   0.23800   0.13900   0.00393   0.03733   0.02822   0.02034   0.11667   0.08413   0.00760   0.02489   0.00974   0.12188   0.12139   0.02666   0.03787   0.04013   0.01884   0.07057   0.04600   0.04797   0.05141   0.15733   0.15858   0.03656   0.02670   3.39922   0.20730  
 89  0.0026  22447.725763  x:  0.22149   0.03969   0.03053   0.03887   0.08814   0.01385   0.01940   0.02191   0.02658   0.00484   0.02640   0.01606   0.03668   0.04732   0.06159   0.00815   0.03898   0.00536   0.08035   0.05637   0.12206   0.08119   0.07017   0.01565   0.00983   0.03098   0.01982   0.05428   0.13665   0.16825   0.12266   0.01937   0.11695   0.06610   0.01155   0.01464   0.00287   0.01660   0.01225   0.02289   0.00557   0.00283   0.06616   0.22168   0.03110   0.03884   0.02904   0.26003   0.11229   0.12715   0.23871   0.13918   0.00441   0.03757   0.02736   0.02006   0.11733   0.08398   0.00749   0.02508   0.00955   0.12187   0.12196   0.02667   0.03798   0.04010   0.01884   0.07082   0.04619   0.04816   0.05145   0.15611   0.15866   0.03657   0.02658   3.40156   0.20724  
 90  0.0032  22447.695204  x:  0.22165   0.03932   0.03030   0.03944   0.08816   0.01364   0.01929   0.02192   0.02656   0.00484   0.02638   0.01591   0.03654   0.04711   0.06149   0.00817   0.03885   0.00546   0.08013   0.05627   0.12202   0.08129   0.07021   0.01559   0.00980   0.03086   0.01981   0.05454   0.13614   0.16918   0.12274   0.01935   0.11748   0.06615   0.01136   0.01461   0.00289   0.01626   0.01236   0.02277   0.00546   0.00287   0.06588   0.22091   0.03089   0.03885   0.02918   0.25999   0.11311   0.12744   0.24003   0.13915   0.00451   0.03761   0.02750   0.01972   0.11718   0.08419   0.00743   0.02520   0.00956   0.12233   0.12219   0.02666   0.03782   0.04016   0.01875   0.07066   0.04649   0.04822   0.05107   0.15649   0.15895   0.03683   0.02651   3.40109   0.20701  
 91  0.0027  22447.682974  x:  0.22260   0.03915   0.03040   0.03937   0.08773   0.01352   0.01916   0.02192   0.02664   0.00484   0.02638   0.01597   0.03643   0.04718   0.06125   0.00818   0.03883   0.00554   0.08026   0.05623   0.12218   0.08148   0.07019   0.01554   0.00984   0.03079   0.01977   0.05444   0.13662   0.16901   0.12265   0.01928   0.11748   0.06621   0.01127   0.01453   0.00291   0.01648   0.01234   0.02275   0.00546   0.00290   0.06567   0.22151   0.03078   0.03882   0.02929   0.25971   0.11260   0.12713   0.24011   0.13880   0.00459   0.03753   0.02742   0.01962   0.11715   0.08426   0.00739   0.02531   0.00970   0.12239   0.12205   0.02657   0.03778   0.04006   0.01869   0.07057   0.04652   0.04818   0.05100   0.15684   0.15871   0.03685   0.02650   3.39869   0.20681  
 92  0.0024  22447.669032  x:  0.22143   0.03918   0.03028   0.03954   0.08841   0.01350   0.01901   0.02192   0.02670   0.00483   0.02635   0.01616   0.03638   0.04725   0.06126   0.00816   0.03886   0.00570   0.08020   0.05611   0.12216   0.08167   0.07028   0.01550   0.00992   0.03081   0.01984   0.05434   0.13663   0.16907   0.12262   0.01937   0.11751   0.06631   0.01122   0.01445   0.00297   0.01651   0.01238   0.02280   0.00548   0.00298   0.06562   0.22156   0.03085   0.03879   0.02950   0.25989   0.11269   0.12708   0.23930   0.13902   0.00457   0.03755   0.02749   0.01978   0.11725   0.08416   0.00733   0.02544   0.00997   0.12238   0.12200   0.02652   0.03771   0.04002   0.01869   0.07058   0.04652   0.04816   0.05104   0.15647   0.15882   0.03680   0.02654   3.39643   0.20670  
 93  0.0014  22447.652256  x:  0.22249   0.03942   0.03029   0.03935   0.08793   0.01357   0.01896   0.02193   0.02663   0.00480   0.02635   0.01591   0.03645   0.04727   0.06142   0.00812   0.03876   0.00593   0.08011   0.05625   0.12191   0.08151   0.07022   0.01556   0.00995   0.03088   0.01986   0.05431   0.13626   0.16912   0.12273   0.01935   0.11751   0.06626   0.01129   0.01442   0.00302   0.01647   0.01241   0.02282   0.00555   0.00310   0.06574   0.22078   0.03096   0.03879   0.02936   0.26019   0.11275   0.12743   0.23981   0.13923   0.00461   0.03753   0.02751   0.01988   0.11724   0.08418   0.00728   0.02536   0.01022   0.12217   0.12213   0.02651   0.03782   0.04010   0.01871   0.07063   0.04639   0.04821   0.05123   0.15631   0.15883   0.03674   0.02654   3.39645   0.20676  
 94  0.0009  22447.641881  x:  0.22181   0.03941   0.03033   0.03937   0.08785   0.01356   0.01905   0.02193   0.02661   0.00476   0.02639   0.01597   0.03652   0.04716   0.06142   0.00804   0.03876   0.00610   0.08021   0.05624   0.12197   0.08131   0.07023   0.01555   0.00992   0.03087   0.01977   0.05448   0.13658   0.16902   0.12263   0.01937   0.11740   0.06618   0.01132   0.01447   0.00302   0.01633   0.01234   0.02279   0.00563   0.00319   0.06582   0.22161   0.03092   0.03886   0.02931   0.25978   0.11292   0.12713   0.23996   0.13904   0.00452   0.03755   0.02742   0.01978   0.11709   0.08422   0.00728   0.02520   0.01021   0.12220   0.12206   0.02658   0.03779   0.04013   0.01870   0.07067   0.04643   0.04820   0.05109   0.15694   0.15870   0.03681   0.02651   3.39946   0.20693  
 95  0.0020  22447.636413  x:  0.22219   0.03926   0.03039   0.03930   0.08825   0.01355   0.01916   0.02192   0.02663   0.00474   0.02637   0.01601   0.03649   0.04719   0.06132   0.00798   0.03874   0.00618   0.08023   0.05617   0.12199   0.08136   0.07024   0.01552   0.00985   0.03083   0.01980   0.05440   0.13645   0.16905   0.12255   0.01935   0.11733   0.06617   0.01131   0.01453   0.00300   0.01637   0.01236   0.02280   0.00568   0.00324   0.06583   0.22105   0.03083   0.03883   0.02924   0.25986   0.11262   0.12716   0.23976   0.13888   0.00454   0.03754   0.02745   0.01970   0.11734   0.08424   0.00729   0.02515   0.01003   0.12245   0.12208   0.02660   0.03780   0.04007   0.01868   0.07058   0.04645   0.04817   0.05106   0.15662   0.15891   0.03683   0.02653   3.39980   0.20699  
 96  0.0007  22447.633746  x:  0.22194   0.03926   0.03030   0.03940   0.08789   0.01355   0.01919   0.02193   0.02666   0.00472   0.02635   0.01600   0.03643   0.04721   0.06136   0.00798   0.03875   0.00622   0.08013   0.05614   0.12194   0.08144   0.07023   0.01552   0.00980   0.03082   0.01983   0.05438   0.13645   0.16906   0.12265   0.01933   0.11748   0.06623   0.01129   0.01455   0.00298   0.01642   0.01238   0.02280   0.00570   0.00326   0.06579   0.22123   0.03083   0.03879   0.02926   0.26008   0.11265   0.12732   0.23957   0.13912   0.00454   0.03755   0.02745   0.01974   0.11722   0.08421   0.00732   0.02520   0.00988   0.12232   0.12209   0.02658   0.03777   0.04007   0.01870   0.07058   0.04647   0.04819   0.05109   0.15653   0.15873   0.03681   0.02652   3.39943   0.20695  
 97  0.0006  22447.632572  x:  0.22198   0.03930   0.03032   0.03941   0.08803   0.01354   0.01915   0.02193   0.02664   0.00472   0.02637   0.01598   0.03645   0.04722   0.06141   0.00802   0.03873   0.00622   0.08016   0.05618   0.12194   0.08144   0.07023   0.01554   0.00978   0.03083   0.01981   0.05440   0.13643   0.16903   0.12267   0.01938   0.11744   0.06622   0.01130   0.01452   0.00295   0.01644   0.01235   0.02281   0.00572   0.00328   0.06574   0.22113   0.03086   0.03882   0.02931   0.25977   0.11273   0.12719   0.23974   0.13904   0.00455   0.03755   0.02747   0.01977   0.11716   0.08418   0.00736   0.02527   0.00982   0.12224   0.12204   0.02656   0.03779   0.04010   0.01872   0.07062   0.04645   0.04819   0.05111   0.15663   0.15877   0.03680   0.02652   3.39890   0.20688  
 98  0.0004  22447.632047  x:  0.22193   0.03933   0.03033   0.03939   0.08798   0.01354   0.01911   0.02193   0.02663   0.00471   0.02637   0.01598   0.03647   0.04718   0.06138   0.00808   0.03873   0.00622   0.08018   0.05619   0.12197   0.08142   0.07023   0.01553   0.00977   0.03085   0.01981   0.05441   0.13647   0.16905   0.12265   0.01934   0.11743   0.06622   0.01131   0.01450   0.00294   0.01641   0.01236   0.02281   0.00571   0.00329   0.06577   0.22119   0.03088   0.03882   0.02933   0.25995   0.11265   0.12722   0.23956   0.13899   0.00455   0.03754   0.02746   0.01976   0.11724   0.08422   0.00739   0.02527   0.00982   0.12234   0.12210   0.02657   0.03779   0.04009   0.01871   0.07061   0.04645   0.04819   0.05110   0.15656   0.15882   0.03681   0.02652   3.39855   0.20686  
 99  0.0003  22447.631515  x:  0.22196   0.03930   0.03032   0.03937   0.08796   0.01356   0.01911   0.02192   0.02664   0.00471   0.02636   0.01603   0.03647   0.04722   0.06136   0.00812   0.03873   0.00618   0.08014   0.05617   0.12196   0.08141   0.07022   0.01553   0.00974   0.03084   0.01982   0.05439   0.13643   0.16903   0.12266   0.01936   0.11743   0.06621   0.01132   0.01450   0.00292   0.01642   0.01235   0.02281   0.00572   0.00331   0.06581   0.22111   0.03088   0.03881   0.02932   0.25988   0.11268   0.12727   0.23965   0.13910   0.00456   0.03755   0.02746   0.01975   0.11717   0.08420   0.00738   0.02524   0.00986   0.12233   0.12207   0.02659   0.03779   0.04008   0.01869   0.07059   0.04646   0.04817   0.05108   0.15664   0.15877   0.03681   0.02653   3.39879   0.20687  
100  0.0001  22447.631011  x:  0.22198   0.03928   0.03029   0.03941   0.08798   0.01355   0.01913   0.02193   0.02665   0.00471   0.02636   0.01597   0.03646   0.04721   0.06139   0.00814   0.03874   0.00615   0.08017   0.05617   0.12197   0.08143   0.07023   0.01554   0.00970   0.03084   0.01981   0.05442   0.13646   0.16902   0.12267   0.01935   0.11745   0.06622   0.01131   0.01452   0.00292   0.01644   0.01236   0.02281   0.00571   0.00332   0.06579   0.22117   0.03086   0.03880   0.02931   0.25985   0.11265   0.12721   0.23964   0.13903   0.00454   0.03755   0.02746   0.01976   0.11720   0.08418   0.00736   0.02521   0.00990   0.12228   0.12205   0.02659   0.03778   0.04009   0.01868   0.07062   0.04646   0.04818   0.05109   0.15652   0.15879   0.03681   0.02652   3.39915   0.20690  
101  0.0002  22447.630664  x:  0.22190   0.03930   0.03034   0.03939   0.08797   0.01355   0.01914   0.02193   0.02663   0.00472   0.02637   0.01599   0.03645   0.04720   0.06139   0.00812   0.03873   0.00612   0.08019   0.05619   0.12197   0.08144   0.07022   0.01555   0.00968   0.03083   0.01981   0.05441   0.13646   0.16906   0.12269   0.01935   0.11743   0.06622   0.01130   0.01452   0.00293   0.01644   0.01236   0.02281   0.00571   0.00334   0.06575   0.22115   0.03085   0.03882   0.02930   0.25996   0.11268   0.12722   0.23960   0.13898   0.00454   0.03754   0.02749   0.01976   0.11722   0.08423   0.00733   0.02523   0.00989   0.12229   0.12208   0.02656   0.03780   0.04010   0.01871   0.07061   0.04644   0.04820   0.05112   0.15664   0.15880   0.03680   0.02652   3.39906   0.20690  
102  0.0001  22447.630350  x:  0.22198   0.03933   0.03034   0.03938   0.08798   0.01355   0.01913   0.02193   0.02663   0.00472   0.02637   0.01600   0.03645   0.04719   0.06137   0.00810   0.03875   0.00609   0.08015   0.05619   0.12199   0.08144   0.07021   0.01554   0.00969   0.03084   0.01981   0.05442   0.13645   0.16903   0.12264   0.01935   0.11744   0.06622   0.01130   0.01451   0.00294   0.01642   0.01235   0.02281   0.00570   0.00336   0.06576   0.22115   0.03086   0.03882   0.02933   0.25985   0.11267   0.12723   0.23961   0.13906   0.00454   0.03755   0.02744   0.01976   0.11719   0.08421   0.00733   0.02526   0.00987   0.12231   0.12209   0.02655   0.03779   0.04008   0.01872   0.07060   0.04645   0.04819   0.05110   0.15658   0.15878   0.03681   0.02653   3.39880   0.20688  
103  0.0002  22447.630224  x:  0.22195   0.03931   0.03032   0.03937   0.08798   0.01355   0.01913   0.02193   0.02664   0.00472   0.02636   0.01599   0.03646   0.04721   0.06137   0.00809   0.03875   0.00608   0.08019   0.05619   0.12199   0.08143   0.07023   0.01554   0.00971   0.03084   0.01981   0.05441   0.13645   0.16903   0.12265   0.01935   0.11743   0.06621   0.01131   0.01451   0.00295   0.01642   0.01236   0.02281   0.00570   0.00337   0.06578   0.22118   0.03087   0.03881   0.02932   0.25988   0.11268   0.12722   0.23966   0.13902   0.00455   0.03755   0.02747   0.01976   0.11722   0.08420   0.00735   0.02526   0.00986   0.12231   0.12207   0.02657   0.03779   0.04009   0.01871   0.07060   0.04646   0.04818   0.05109   0.15658   0.15879   0.03681   0.02652   3.39882   0.20688  
104  0.0001  22447.630202  x:  0.22196   0.03930   0.03032   0.03938   0.08798   0.01355   0.01913   0.02193   0.02664   0.00472   0.02637   0.01599   0.03646   0.04720   0.06137   0.00809   0.03875   0.00607   0.08018   0.05619   0.12198   0.08143   0.07023   0.01554   0.00972   0.03084   0.01981   0.05441   0.13646   0.16905   0.12266   0.01935   0.11744   0.06621   0.01131   0.01451   0.00295   0.01642   0.01236   0.02281   0.00570   0.00337   0.06578   0.22116   0.03086   0.03881   0.02931   0.25990   0.11267   0.12722   0.23963   0.13903   0.00455   0.03754   0.02746   0.01976   0.11720   0.08420   0.00736   0.02525   0.00986   0.12230   0.12207   0.02658   0.03779   0.04009   0.01870   0.07061   0.04645   0.04819   0.05110   0.15659   0.15879   0.03680   0.02652   3.39890   0.20688  
105  0.0001  22447.630198  x:  0.22196   0.03930   0.03032   0.03938   0.08798   0.01355   0.01913   0.02193   0.02664   0.00472   0.02637   0.01599   0.03646   0.04720   0.06138   0.00809   0.03875   0.00607   0.08017   0.05619   0.12198   0.08143   0.07022   0.01554   0.00972   0.03084   0.01981   0.05441   0.13646   0.16904   0.12266   0.01935   0.11743   0.06622   0.01130   0.01451   0.00295   0.01642   0.01236   0.02281   0.00570   0.00337   0.06577   0.22116   0.03086   0.03881   0.02931   0.25989   0.11268   0.12722   0.23963   0.13903   0.00455   0.03754   0.02746   0.01976   0.11721   0.08420   0.00736   0.02524   0.00986   0.12230   0.12208   0.02657   0.03779   0.04009   0.01870   0.07061   0.04645   0.04819   0.05110   0.15658   0.15879   0.03681   0.02652   3.39895   0.20688  
106  0.0000  22447.630197  x:  0.22196   0.03930   0.03032   0.03938   0.08798   0.01355   0.01913   0.02193   0.02664   0.00472   0.02637   0.01599   0.03646   0.04720   0.06137   0.00808   0.03875   0.00607   0.08018   0.05619   0.12199   0.08143   0.07023   0.01554   0.00972   0.03084   0.01981   0.05441   0.13645   0.16904   0.12266   0.01935   0.11744   0.06622   0.01130   0.01451   0.00294   0.01642   0.01236   0.02281   0.00570   0.00337   0.06577   0.22116   0.03086   0.03881   0.02931   0.25990   0.11267   0.12722   0.23963   0.13903   0.00455   0.03754   0.02746   0.01976   0.11720   0.08420   0.00736   0.02524   0.00986   0.12230   0.12207   0.02657   0.03779   0.04009   0.01870   0.07061   0.04645   0.04819   0.05110   0.15658   0.15879   0.03681   0.02652   3.39896   0.20688  
107  0.0000  22447.630196  x:  0.22196   0.03930   0.03032   0.03938   0.08798   0.01355   0.01913   0.02193   0.02664   0.00472   0.02637   0.01599   0.03646   0.04720   0.06137   0.00808   0.03875   0.00607   0.08017   0.05619   0.12199   0.08143   0.07022   0.01554   0.00972   0.03084   0.01981   0.05441   0.13646   0.16904   0.12266   0.01935   0.11744   0.06622   0.01130   0.01451   0.00294   0.01642   0.01236   0.02281   0.00570   0.00337   0.06577   0.22116   0.03086   0.03881   0.02931   0.25989   0.11268   0.12722   0.23963   0.13903   0.00455   0.03754   0.02746   0.01976   0.11720   0.08420   0.00736   0.02524   0.00986   0.12230   0.12207   0.02657   0.03779   0.04009   0.01870   0.07061   0.04645   0.04819   0.05110   0.15659   0.15879   0.03681   0.02652   3.39895   0.20688  
108  0.0000  22447.630196  x:  0.22196   0.03930   0.03032   0.03938   0.08798   0.01355   0.01913   0.02193   0.02664   0.00472   0.02637   0.01599   0.03646   0.04720   0.06137   0.00808   0.03875   0.00607   0.08018   0.05619   0.12198   0.08143   0.07022   0.01554   0.00972   0.03084   0.01981   0.05441   0.13646   0.16904   0.12266   0.01935   0.11744   0.06622   0.01130   0.01451   0.00294   0.01642   0.01236   0.02281   0.00570   0.00337   0.06577   0.22116   0.03086   0.03881   0.02931   0.25989   0.11268   0.12722   0.23963   0.13903   0.00455   0.03754   0.02746   0.01976   0.11720   0.08420   0.00736   0.02524   0.00986   0.12230   0.12207   0.02657   0.03779   0.04009   0.01870   0.07061   0.04645   0.04819   0.05110   0.15659   0.15879   0.03681   0.02652   3.39894   0.20688  
109  0.0000  22447.630196  x:  0.22196   0.03930   0.03032   0.03938   0.08798   0.01355   0.01913   0.02193   0.02664   0.00472   0.02637   0.01599   0.03646   0.04720   0.06137   0.00808   0.03875   0.00607   0.08018   0.05619   0.12199   0.08143   0.07022   0.01554   0.00972   0.03084   0.01981   0.05441   0.13646   0.16904   0.12266   0.01935   0.11744   0.06622   0.01130   0.01451   0.00294   0.01642   0.01236   0.02281   0.00570   0.00337   0.06577   0.22116   0.03086   0.03881   0.02931   0.25989   0.11268   0.12722   0.23963   0.13903   0.00455   0.03754   0.02746   0.01976   0.11720   0.08420   0.00736   0.02524   0.00986   0.12230   0.12207   0.02657   0.03779   0.04009   0.01870   0.07061   0.04645   0.04819   0.05110   0.15659   0.15879   0.03681   0.02652   3.39894   0.20688  