

TREE # 1

  0  0.0000   8343.831320  x:  0.09611   0.04063   0.08477   0.05198   0.03393   0.01894   0.04424   0.05476   2.00000   1.32362   0.18330   0.23333  
  1 99.0000   7754.652654  x:  0.09837   0.25312   0.07811   0.06479   0.33948   0.02120   0.19957   0.17139   2.00373   1.32649   0.18080   0.21245  
  2 6928.4556   7731.348359  x:  0.07718   0.25190   0.07403   0.07169   0.33262   0.00000   0.20788   0.18501   2.01322   1.33248   0.17569   0.15753  
  3 435.6175   7716.279711  x:  0.09266   0.25403   0.07326   0.06618   0.32456   0.01548   0.21326   0.19391   2.02847   1.34226   0.16759   0.08207  
  4 633.2172   7714.676804  x:  0.09094   0.26583   0.08835   0.06931   0.32178   0.01377   0.21369   0.17908   2.06684   1.35860   0.15581   0.07940  
  5 69.2884   7710.646235  x:  0.08668   0.28888   0.07826   0.05393   0.31234   0.00951   0.21749   0.15731   2.17789   1.40487   0.12260   0.08303  
  6 294.6074   7703.716294  x:  0.09275   0.30907   0.05880   0.07918   0.29351   0.01558   0.22219   0.15928   2.40373   1.49812   0.05589   0.10084  
  7 604.8694   7694.573520  x:  0.09463   0.29727   0.08096   0.06101   0.28661   0.01746   0.22088   0.20397   2.71728   1.62577  -0.03447   0.12986  
  8 770.1499   7689.786747  x:  0.09370   0.25321   0.07745   0.06238   0.33204   0.01654   0.19774   0.19353   2.87915   1.68875  -0.07624   0.13230  
  9 306.5730   7689.629134  x:  0.09426   0.24742   0.07786   0.06252   0.33264   0.01709   0.20666   0.19064   2.88666   1.68884  -0.07381   0.13270  
 10 29.6953   7687.759805  x:  0.09600   0.24892   0.07919   0.06330   0.33176   0.01884   0.20649   0.19174   3.07563   1.57743   0.16025   0.11863  
 11 12.9800   7680.392218  x:  0.07701   0.25461   0.06946   0.06664   0.31910   0.00000   0.20992   0.21615   3.28755   3.52568   2.14784   0.09110  
 12  3.5110   7680.392218  x:  0.07701   0.25461   0.06946   0.06664   0.31910   0.00000   0.20992   0.21615   3.28755   3.52568   2.14784   0.09110  
 13  0.1772   7679.811963  x:  0.07856   0.25603   0.07375   0.06908   0.31864   0.00156   0.21054   0.21045   3.28832   3.52567   2.14786   0.10242  
 14 85.8824   7679.725391  x:  0.07862   0.25725   0.07164   0.06684   0.31807   0.00161   0.21157   0.20581   3.28939   3.52633   2.14723   0.10349  
 15 31.4511   7679.675014  x:  0.07838   0.25845   0.07229   0.06798   0.31719   0.00138   0.21272   0.20130   3.29107   3.52756   2.14607   0.10186  
 16 27.5339   7679.640541  x:  0.07990   0.25956   0.07308   0.06722   0.31543   0.00289   0.21431   0.20163   3.29754   3.53199   2.14184   0.10175  
 17  8.8220   7679.504119  x:  0.07783   0.26210   0.07311   0.06693   0.30912   0.00082   0.21786   0.20365   3.32599   3.55110   2.12361   0.10461  
 18 59.4581   7679.317864  x:  0.07907   0.26128   0.06932   0.07003   0.30860   0.00207   0.21371   0.20322   3.36772   3.57848   2.09753   0.10768  
 19 85.6715   7679.147922  x:  0.07857   0.25844   0.07210   0.06703   0.31165   0.00157   0.20856   0.20152   3.40670   3.60350   2.07374   0.10957  
 20 178.4334   7679.113383  x:  0.07843   0.25644   0.07194   0.06729   0.31567   0.00142   0.21197   0.20141   3.41600   3.60787   2.06969   0.11015  
 21 22.7878   7679.082096  x:  0.07808   0.26129   0.07203   0.06740   0.31888   0.00108   0.21193   0.20226   3.43437   3.60434   2.07404   0.10978  
 22  4.6090   7678.836306  x:  0.07846   0.25859   0.07220   0.06748   0.31705   0.00147   0.21276   0.20231   3.59126   3.56666   2.11878   0.10620  
 23 29.5494   7678.821153  x:  0.07821   0.25901   0.07226   0.06745   0.31634   0.00169   0.21294   0.20253   3.61050   3.74711   2.27704   0.10770  
 24  0.0898   7678.794371  x:  0.07775   0.25863   0.07213   0.06754   0.31668   0.00205   0.21233   0.20335   3.60034   4.26493   2.82326   0.10742  
 25  0.1516   7678.789152  x:  0.07760   0.25845   0.07224   0.06743   0.31644   0.00221   0.21250   0.20314   3.59683   4.47943   3.02105   0.10813  
 26  0.1627   7678.787688  x:  0.07744   0.25856   0.07218   0.06748   0.31645   0.00234   0.21237   0.20341   3.59950   4.69030   3.23947   0.10805  
 27  0.1315   7678.787445  x:  0.07739   0.25847   0.07220   0.06746   0.31643   0.00240   0.21238   0.20336   3.59837   4.78530   3.33187   0.10818  
 28  0.0828   7678.787432  x:  0.07737   0.25848   0.07220   0.06746   0.31642   0.00241   0.21237   0.20340   3.59854   4.82105   3.36813   0.10819  
 29  0.0353   7678.787431  x:  0.07738   0.25848   0.07220   0.06746   0.31643   0.00241   0.21237   0.20339   3.59853   4.82068   3.36772   0.10819  
 30  0.0005   7678.787431  x:  0.07738   0.25848   0.07220   0.06746   0.31643   0.00240   0.21237   0.20339   3.59853   4.82074   3.36777   0.10819  
 31  0.0001   7678.787431  x:  0.07738   0.25848   0.07220   0.06746   0.31643   0.00240   0.21237   0.20339   3.59853   4.82075   3.36778   0.10819  
 32  0.0001   7678.787431  x:  0.07738   0.25848   0.07220   0.06746   0.31643   0.00240   0.21237   0.20339   3.59853   4.82075   3.36779   0.10819  