

TREE # 1

  0  0.0000   5842.351817  x:  0.07607   0.03220   0.03352   0.03304   0.04668   0.02646   0.09195   0.08884   0.02164   0.01700   2.00000   0.50000  
  1 99.0000   5763.454642  x:  0.09439   0.01375   0.01564   0.00000   0.01612   0.04478   0.09967   0.10080   0.00137   0.01035   2.00095   0.49386  
  2 1706.4754   5753.085411  x:  0.10026   0.00817   0.01025   0.00000   0.00536   0.05065   0.10228   0.10484   0.00425   0.00935   2.00130   0.49162  
  3 4353.1628   5751.044648  x:  0.10210   0.00981   0.01139   0.00000   0.00248   0.05249   0.10333   0.10646   0.00418   0.01104   2.00150   0.49032  
  4 947.1169   5746.031831  x:  0.11460   0.01314   0.01393   0.00000   0.00594   0.06499   0.11041   0.11740   0.00508   0.01656   2.00288   0.48139  
  5 890.7092   5744.559540  x:  0.11574   0.01432   0.01749   0.00000   0.00579   0.06613   0.11282   0.12144   0.00564   0.01131   2.00416   0.47307  
  6 321.0455   5730.288986  x:  0.10051   0.00572   0.02254   0.00000   0.00530   0.05090   0.13338   0.15977   0.00472   0.01527   2.02461   0.33874  
  7 438.7097   5722.927833  x:  0.09356   0.01275   0.01384   0.00000   0.00544   0.04395   0.14227   0.17750   0.00469   0.01394   2.03680   0.25854  
  8 3822.7281   5715.897065  x:  0.09842   0.01084   0.01697   0.00000   0.00548   0.04881   0.13385   0.16876   0.00482   0.01424   2.04868   0.18255  
  9 750.3180   5715.666633  x:  0.09852   0.01079   0.01700   0.00000   0.00547   0.04891   0.14277   0.16238   0.00482   0.01423   2.06640   0.18216  
 10 22.0040   5706.466871  x:  0.10437   0.01079   0.01793   0.00000   0.00556   0.05477   0.12477   0.15390   0.00505   0.01426   3.23583   0.23081  
 11 65.7430   5703.432313  x:  0.11182   0.01179   0.01748   0.00000   0.00528   0.06231   0.11615   0.12494   0.00593   0.01452   3.09663   0.22473  
 12  0.1652   5703.071391  x:  0.11397   0.01305   0.01514   0.00000   0.00466   0.06445   0.11613   0.12941   0.00644   0.01414   3.00119   0.21885  
 13  0.0837   5702.919964  x:  0.11203   0.01390   0.01604   0.00000   0.00443   0.06252   0.11623   0.12823   0.00729   0.01433   2.93711   0.21843  
 14  0.0555   5702.877480  x:  0.11245   0.01364   0.01568   0.00000   0.00432   0.06291   0.11704   0.12847   0.00787   0.01428   2.98468   0.22121  
 15  0.0173   5702.869551  x:  0.11238   0.01343   0.01582   0.00000   0.00440   0.06284   0.11609   0.12856   0.00804   0.01427   2.98559   0.22001  
 16  0.0014   5702.868242  x:  0.11238   0.01335   0.01583   0.00000   0.00443   0.06284   0.11650   0.12836   0.00808   0.01424   2.97708   0.21972  
 17  0.0072   5702.868143  x:  0.11239   0.01333   0.01582   0.00000   0.00443   0.06283   0.11645   0.12846   0.00809   0.01423   2.97471   0.21984  
 18  0.0021   5702.868141  x:  0.11238   0.01333   0.01581   0.00000   0.00443   0.06282   0.11644   0.12845   0.00808   0.01424   2.97470   0.21984  
 19  0.0000   5702.868141  x:  0.11239   0.01333   0.01582   0.00000   0.00443   0.06282   0.11645   0.12845   0.00808   0.01424   2.97472   0.21984  
 20  0.0000   5702.868141  x:  0.11239   0.01333   0.01582   0.00000   0.00443   0.06282   0.11645   0.12845   0.00808   0.01424   2.97471   0.21984  
 21  0.0000   5702.868141  x:  0.11239   0.01333   0.01582   0.00000   0.00443   0.06281   0.11644   0.12845   0.00808   0.01424   2.97471   0.21984  
 22  0.0000   5702.868141  x:  0.11239   0.01333   0.01582   0.00000   0.00443   0.06281   0.11644   0.12845   0.00808   0.01424   2.97471   0.21984  
 23  0.0000   5702.868141  x:  0.11239   0.01333   0.01582   0.00000   0.00443   0.06281   0.11644   0.12845   0.00808   0.01424   2.97471   0.21984  
 24  0.0000   5702.868141  x:  0.11239   0.01333   0.01582   0.00000   0.00443   0.06281   0.11644   0.12845   0.00808   0.01424   2.97471   0.21984  
 25  0.0000   5702.868141  x:  0.11239   0.01333   0.01582   0.00000   0.00443   0.06281   0.11644   0.12845   0.00808   0.01424   2.97471   0.21984  
check convergence!
