

TREE # 1

  0  0.0000   7329.110599  x:  0.09973   0.06728   0.02189   0.10398   0.10299   2.00000   0.50000  
  1 99.0000   6916.625001  x:  0.16975   0.19942   0.34868   0.09440   0.09619   2.00287   0.48574  
  2 6757.8106   6873.011809  x:  0.23036   0.25470   0.32142   0.04638   0.05434   2.01364   0.42921  
  3 656.9082   6831.109775  x:  0.32545   0.35090   0.27264   0.09203   0.09682   2.04382   0.26706  
  4 724.2011   6816.661410  x:  0.31275   0.34924   0.27580   0.08816   0.09441   2.06071   0.17891  
  5 438.4765   6809.577133  x:  0.25971   0.39860   0.26704   0.07349   0.10755   2.39182   0.19417  
  6 42.5889   6803.808804  x:  0.25696   0.39519   0.26890   0.10160   0.07435   2.67314   0.20440  
  7 445.8107   6794.145254  x:  0.31592   0.31979   0.28593   0.08555   0.09169   3.17968   0.21858  
  8 533.2151   6788.212293  x:  0.27518   0.30370   0.29389   0.06541   0.07793   3.43110   0.20629  
  9  0.2104   6787.603094  x:  0.27039   0.31438   0.28542   0.06569   0.07327   3.55260   0.22071  
 10  0.0837   6787.180436  x:  0.28018   0.31537   0.27189   0.06509   0.07732   3.69434   0.21878  
 11  0.0524   6786.940808  x:  0.27529   0.30618   0.26539   0.06723   0.07342   3.70581   0.21779  
 12  0.0083   6786.806466  x:  0.27079   0.30359   0.26046   0.06559   0.07624   3.62166   0.22046  
 13  0.0514   6786.784881  x:  0.27284   0.30445   0.25913   0.06670   0.07576   3.58078   0.22028  
 14  0.0360   6786.782155  x:  0.27340   0.30441   0.25892   0.06617   0.07546   3.57520   0.21995  
 15  0.0047   6786.782153  x:  0.27338   0.30444   0.25889   0.06618   0.07545   3.57542   0.21993  
 16  0.0003   6786.782153  x:  0.27338   0.30444   0.25889   0.06618   0.07545   3.57544   0.21993  
 17  0.0000   6786.782153  x:  0.27338   0.30444   0.25889   0.06618   0.07545   3.57544   0.21993  