

TREE # 1

  0  0.0000  10350.870829  x:  0.05567   0.10294   0.04569   0.04979   0.08954   0.01316   0.05427   0.10866   0.07325   0.08498   0.02662   0.09062   0.09625   0.10671   0.06419   0.08662   0.01206   0.07557   0.06041   2.00000   0.50000  
  1 99.0000   9856.754014  x:  0.04626   0.08735   0.08535   0.04360   0.07533   0.19694   0.04442   0.09100   0.08360   0.06920   0.09270   0.09450   0.09131   0.11405   0.06283   0.08409   0.22521   0.06910   0.05188   2.00334   0.49005  
  2 11344.5388   9691.509601  x:  0.02573   0.04161   0.10846   0.01089   0.02618   0.19445   0.00000   0.04094   0.10240   0.02432   0.11068   0.09724   0.08030   0.13018   0.05955   0.07875   0.22104   0.05341   0.03576   2.01269   0.46157  
  3 1751.3051   9661.646828  x:  0.01948   0.02408   0.11699   0.00000   0.00777   0.19335   0.00590   0.02148   0.10930   0.00739   0.11706   0.09830   0.07670   0.13624   0.05844   0.07683   0.21910   0.04792   0.03070   2.01642   0.45024  
  4 6468.9114   9651.163134  x:  0.02075   0.01690   0.12122   0.00718   0.00115   0.19272   0.00658   0.01185   0.11222   0.00399   0.11955   0.09894   0.07581   0.13905   0.05818   0.07611   0.21820   0.04653   0.03076   2.01856   0.44383  
  5 2365.7204   9645.396972  x:  0.02256   0.01231   0.12488   0.00716   0.00309   0.19231   0.00687   0.00431   0.11495   0.00733   0.12192   0.09975   0.07531   0.14175   0.05796   0.07558   0.21729   0.04583   0.03153   2.02082   0.43707  
  6 1415.0114   9628.172221  x:  0.03492   0.00899   0.14625   0.00486   0.00000   0.19051   0.00750   0.01083   0.13069   0.01158   0.13465   0.10453   0.07485   0.15792   0.05735   0.07305   0.21206   0.04628   0.03956   2.03653   0.39042  
  7 875.5701   9616.503495  x:  0.04156   0.01198   0.16807   0.00629   0.00842   0.18854   0.00817   0.01405   0.14617   0.00431   0.14716   0.10887   0.07453   0.17433   0.05683   0.07080   0.20662   0.04712   0.04470   2.05369   0.33973  
  8 5190.5235   9604.430523  x:  0.03317   0.02953   0.18150   0.00769   0.00360   0.18799   0.00935   0.00856   0.15359   0.01005   0.15367   0.11137   0.07752   0.18464   0.05799   0.07179   0.20300   0.05220   0.04232   2.07299   0.28520  
  9 1562.7586   9595.186095  x:  0.02602   0.01875   0.17712   0.00926   0.00540   0.19036   0.00928   0.01329   0.14548   0.01135   0.14697   0.10937   0.08474   0.18261   0.06064   0.07753   0.20362   0.05537   0.03909   2.09438   0.23626  
 10 674.7048   9592.772401  x:  0.03310   0.02030   0.17277   0.00656   0.00447   0.19178   0.00857   0.01009   0.14056   0.00830   0.14274   0.10830   0.08586   0.18007   0.06070   0.07851   0.20455   0.05610   0.04152   2.10450   0.22231  
 11 500.5760   9590.280175  x:  0.03220   0.02149   0.16778   0.00747   0.00456   0.19262   0.00885   0.01087   0.13783   0.00941   0.13926   0.11055   0.07489   0.17782   0.05529   0.07030   0.20541   0.04652   0.04324   2.14134   0.21762  
 12 154.6846   9568.746801  x:  0.03201   0.01640   0.14614   0.00703   0.00484   0.19566   0.00865   0.01065   0.14278   0.00743   0.13236   0.12897   0.05139   0.17658   0.06920   0.05750   0.20748   0.07700   0.04091   2.58191   0.23757  
 13 431.7094   9527.171281  x:  0.03272   0.01925   0.12211   0.00610   0.00378   0.19776   0.00779   0.00838   0.15032   0.00553   0.12999   0.14189   0.10600   0.17469   0.05845   0.07076   0.20963   0.04831   0.04191   3.54670   0.29362  
 14 3666.9119   9516.080829  x:  0.03618   0.02028   0.14797   0.00564   0.00395   0.19421   0.00835   0.00995   0.13043   0.00776   0.13335   0.10405   0.09421   0.16549   0.05424   0.09139   0.20877   0.04408   0.03657   3.76826   0.30816  
 15 1192.7571   9515.417872  x:  0.03334   0.01991   0.15138   0.00522   0.00381   0.19352   0.00823   0.00951   0.12744   0.00747   0.13341   0.10010   0.09558   0.16407   0.05388   0.08860   0.20904   0.04574   0.04281   3.78215   0.30930  
 16 263.7824   9515.223664  x:  0.03397   0.01979   0.15423   0.00506   0.00386   0.19259   0.00823   0.00962   0.12518   0.00756   0.13313   0.09917   0.09775   0.16275   0.05488   0.08373   0.20954   0.04617   0.04111   3.78609   0.30963  
 17 72.6662   9515.210526  x:  0.03392   0.01982   0.15519   0.00500   0.00386   0.19194   0.00823   0.00960   0.12484   0.00754   0.13269   0.10023   0.09771   0.16200   0.05543   0.08400   0.21008   0.04591   0.04131   3.78638   0.30965  
 18 12.7161   9515.206861  x:  0.03393   0.01979   0.15541   0.00498   0.00387   0.19155   0.00823   0.00960   0.12494   0.00753   0.13249   0.10046   0.09774   0.16171   0.05491   0.08407   0.21044   0.04615   0.04125   3.78648   0.30964  
 19  7.2857   9515.198436  x:  0.03395   0.01981   0.15517   0.00497   0.00387   0.19038   0.00824   0.00960   0.12574   0.00756   0.13222   0.09990   0.09772   0.16149   0.05518   0.08400   0.21155   0.04606   0.04127   3.78678   0.30954  
 20  3.7249   9515.125494  x:  0.03400   0.01979   0.15379   0.00504   0.00387   0.18736   0.00829   0.00965   0.12316   0.00760   0.13402   0.10034   0.09755   0.16404   0.05508   0.08423   0.21378   0.04626   0.04129   3.78971   0.30950  
 21  2.7043   9509.427049  x:  0.03375   0.01805   0.14072   0.00956   0.00404   0.19433   0.01028   0.01096   0.11589   0.01220   0.10726   0.09940   0.09381   0.16687   0.06068   0.08595   0.21071   0.05602   0.04175   4.02076   0.30749  
 22 12.6502   9507.898836  x:  0.03413   0.01754   0.13226   0.01126   0.00431   0.19439   0.01092   0.01159   0.11528   0.01317   0.11892   0.10016   0.09268   0.15083   0.06275   0.08611   0.20701   0.05884   0.04221   4.08256   0.30510  
 23 293.5940   9501.405410  x:  0.02551   0.01583   0.14027   0.01113   0.00227   0.18575   0.01092   0.00627   0.12411   0.01160   0.12428   0.10606   0.08542   0.16109   0.06453   0.08076   0.19757   0.06162   0.03708   4.57200   0.29478  
 24  0.5487   9497.386190  x:  0.03362   0.01692   0.13649   0.01274   0.00329   0.17710   0.01226   0.00771   0.12107   0.01189   0.12091   0.10643   0.08015   0.15862   0.05794   0.07356   0.18726   0.05289   0.04053   5.06001   0.30353  
 25  0.3154   9496.166494  x:  0.03229   0.01616   0.13899   0.01155   0.00323   0.17020   0.01184   0.00782   0.12345   0.00978   0.12097   0.10542   0.08121   0.16064   0.06114   0.08148   0.17611   0.05501   0.04113   5.31016   0.30833  
 26  0.1207   9495.661079  x:  0.03083   0.01788   0.13502   0.01144   0.00296   0.16482   0.01162   0.00807   0.12273   0.00987   0.11902   0.10549   0.08672   0.15972   0.06063   0.07702   0.17118   0.05458   0.04082   5.31548   0.31003  
 27  0.0072   9495.194536  x:  0.03164   0.01724   0.13361   0.01144   0.00354   0.16106   0.01126   0.00877   0.12053   0.01067   0.11741   0.10508   0.08470   0.15792   0.05920   0.07915   0.16590   0.05468   0.03947   5.06757   0.30765  
 28  0.0824   9495.106769  x:  0.03170   0.01751   0.13503   0.01161   0.00348   0.15968   0.01128   0.00801   0.12222   0.01060   0.11793   0.10537   0.08391   0.15928   0.06003   0.07843   0.16419   0.05470   0.04055   5.01764   0.30721  
 29  0.0407   9495.099943  x:  0.03154   0.01708   0.13482   0.01186   0.00351   0.15953   0.01133   0.00794   0.12217   0.01052   0.11782   0.10520   0.08404   0.15929   0.06019   0.07814   0.16421   0.05455   0.04062   5.02070   0.30733  
 30  0.0026   9495.098035  x:  0.03159   0.01719   0.13476   0.01209   0.00345   0.15962   0.01140   0.00789   0.12203   0.01051   0.11779   0.10514   0.08408   0.15916   0.06018   0.07830   0.16410   0.05454   0.04051   5.01979   0.30762  
 31  0.0007   9495.097783  x:  0.03159   0.01717   0.13481   0.01213   0.00345   0.15954   0.01141   0.00794   0.12211   0.01049   0.11783   0.10520   0.08413   0.15923   0.06015   0.07832   0.16411   0.05457   0.04051   5.01827   0.30761  
 32  0.0014   9495.097698  x:  0.03159   0.01717   0.13480   0.01213   0.00342   0.15955   0.01140   0.00794   0.12210   0.01046   0.11781   0.10520   0.08410   0.15923   0.06013   0.07831   0.16409   0.05457   0.04053   5.01801   0.30756  
 33  0.0002   9495.097689  x:  0.03160   0.01717   0.13481   0.01214   0.00341   0.15957   0.01140   0.00794   0.12210   0.01047   0.11783   0.10519   0.08410   0.15922   0.06015   0.07830   0.16410   0.05457   0.04053   5.01803   0.30755  
 34  0.0000   9495.097687  x:  0.03160   0.01717   0.13481   0.01214   0.00341   0.15956   0.01140   0.00794   0.12210   0.01047   0.11782   0.10519   0.08410   0.15923   0.06015   0.07831   0.16410   0.05456   0.04053   5.01811   0.30756  
 35  0.0001   9495.097687  x:  0.03160   0.01717   0.13481   0.01214   0.00341   0.15956   0.01140   0.00794   0.12210   0.01047   0.11782   0.10519   0.08410   0.15923   0.06014   0.07831   0.16409   0.05457   0.04053   5.01812   0.30756  
 36  0.0000   9495.097686  x:  0.03160   0.01717   0.13481   0.01214   0.00341   0.15956   0.01139   0.00794   0.12210   0.01047   0.11782   0.10519   0.08410   0.15923   0.06014   0.07830   0.16410   0.05457   0.04053   5.01812   0.30756  
 37  0.0000   9495.097686  x:  0.03160   0.01717   0.13481   0.01214   0.00341   0.15956   0.01139   0.00794   0.12210   0.01047   0.11782   0.10519   0.08410   0.15923   0.06014   0.07830   0.16410   0.05457   0.04053   5.01815   0.30756  
 38  0.0000   9495.097686  x:  0.03160   0.01717   0.13481   0.01214   0.00341   0.15956   0.01139   0.00794   0.12210   0.01047   0.11782   0.10519   0.08410   0.15923   0.06014   0.07830   0.16410   0.05457   0.04053   5.01814   0.30756  
 39  0.0000   9495.097686  x:  0.03160   0.01717   0.13481   0.01214   0.00341   0.15956   0.01139   0.00794   0.12210   0.01047   0.11782   0.10519   0.08410   0.15923   0.06014   0.07830   0.16410   0.05457   0.04053   5.01815   0.30756  
 40  0.0000   9495.097686  x:  0.03160   0.01717   0.13481   0.01214   0.00341   0.15956   0.01139   0.00794   0.12210   0.01047   0.11782   0.10519   0.08410   0.15923   0.06014   0.07830   0.16410   0.05457   0.04053   5.01815   0.30756  