

TREE # 1

  0  0.0000  13602.082764  x:  0.01730   0.01465   0.10198   0.04029   0.10406   0.01700   0.02354   0.02812   0.06093   0.02835   0.07646   0.01486   0.08765   0.02098   0.09037   0.04638   0.02558   0.10005   0.08135   0.04088   0.03652   0.09900   0.08699   0.04296   0.06703   0.06708   0.05484   0.10363   0.05277   0.05998   0.02641   0.03420   0.09280   0.01929   0.03408   0.05789   0.09831   0.10200   0.10287   2.00000   0.50000  
  1 99.0000  13059.622139  x:  0.14766   0.14593   0.08258   0.05646   0.07277   0.00262   0.01723   0.11144   0.06049   0.10392   0.06853   0.01089   0.06616   0.03099   0.08716   0.06107   0.06836   0.12093   0.05875   0.01197   0.01921   0.06315   0.05519   0.01966   0.03629   0.03247   0.02974   0.06987   0.05296   0.09659   0.14440   0.11540   0.07728   0.00000   0.00636   0.05667   0.11316   0.07114   0.07123   2.00625   0.47604  
  2 6706.2653  13031.976158  x:  0.16423   0.16263   0.08007   0.05853   0.06873   0.00096   0.01641   0.12205   0.06043   0.11354   0.06750   0.01037   0.06337   0.03224   0.08675   0.06295   0.07381   0.12361   0.05583   0.00826   0.01701   0.05852   0.05109   0.01668   0.03233   0.02800   0.02652   0.06550   0.05298   0.10128   0.15942   0.12575   0.07528   0.00355   0.00299   0.05651   0.11507   0.06716   0.06714   2.00705   0.47293  
  3 258917.7113  12979.343327  x:  0.18442   0.18238   0.07151   0.06292   0.05565   0.05548   0.01333   0.13657   0.05851   0.12656   0.06376   0.00779   0.05234   0.03030   0.08536   0.06627   0.08019   0.13011   0.04661   0.00255   0.01659   0.04213   0.03756   0.01228   0.02007   0.01275   0.01888   0.05035   0.05336   0.11053   0.18033   0.14163   0.06895   0.00563   0.01925   0.05551   0.12032   0.05349   0.05301   2.00996   0.46168  
  4 7100.4737  12916.752193  x:  0.18451   0.18163   0.06296   0.06422   0.04236   0.05975   0.01123   0.13852   0.05584   0.12800   0.06024   0.00655   0.04048   0.02497   0.08418   0.06744   0.07922   0.13457   0.03863   0.02285   0.02183   0.02526   0.02521   0.01649   0.01148   0.00000   0.01717   0.03524   0.05389   0.11525   0.18408   0.14604   0.06351   0.00586   0.01696   0.05451   0.12451   0.04017   0.03904   2.01305   0.44964  
  5 3219.3200  12873.813209  x:  0.18463   0.18085   0.05386   0.06560   0.02820   0.06438   0.00909   0.14062   0.05301   0.12956   0.05650   0.00534   0.02781   0.01933   0.08295   0.06867   0.07821   0.13932   0.03018   0.04244   0.02704   0.00722   0.01214   0.02069   0.00283   0.00383   0.01554   0.01918   0.05453   0.12029   0.18811   0.15077   0.05772   0.00610   0.01459   0.05345   0.12899   0.02599   0.02415   2.01636   0.43673  
  6 20332.4517  12860.265192  x:  0.18399   0.17982   0.05057   0.06604   0.02341   0.06502   0.00918   0.14102   0.05207   0.12977   0.05530   0.00597   0.02318   0.01765   0.08263   0.06905   0.07758   0.14099   0.02773   0.04378   0.02742   0.00144   0.00927   0.02121   0.00935   0.00407   0.01581   0.01401   0.05471   0.12199   0.18914   0.15220   0.05579   0.00613   0.01368   0.05316   0.13060   0.02140   0.01925   2.01772   0.43145  
  7 4186.2110  12846.091600  x:  0.18156   0.17657   0.04438   0.06677   0.01547   0.06448   0.01028   0.14114   0.05039   0.12955   0.05324   0.00797   0.01453   0.01525   0.08222   0.06966   0.07597   0.14409   0.02391   0.04017   0.02676   0.00759   0.00891   0.02130   0.01102   0.00386   0.01718   0.00685   0.05499   0.12503   0.19037   0.15445   0.05239   0.00609   0.01194   0.05275   0.13366   0.01434   0.01166   2.02061   0.42028  
  8 2357.1010  12831.512864  x:  0.17751   0.17129   0.03649   0.06776   0.00928   0.06238   0.01148   0.14097   0.04830   0.12892   0.05075   0.00958   0.00481   0.01346   0.08191   0.07045   0.07360   0.14825   0.02025   0.03159   0.02480   0.00363   0.01137   0.02077   0.00716   0.00304   0.01847   0.01002   0.05529   0.12907   0.19176   0.15731   0.04828   0.00596   0.01039   0.05238   0.13777   0.01049   0.00840   2.02490   0.40382  
  9 2096.1771  12816.345343  x:  0.17193   0.16369   0.02535   0.06961   0.01145   0.05995   0.01138   0.14139   0.04521   0.12856   0.04702   0.01019   0.00379   0.01289   0.08157   0.07188   0.07034   0.15508   0.01644   0.02376   0.02428   0.00131   0.00826   0.02099   0.00436   0.00238   0.01819   0.00474   0.05577   0.13588   0.19515   0.16274   0.04230   0.00582   0.00970   0.05191   0.14444   0.01249   0.01266   2.03211   0.37630  
 10 1880.8866  12802.792461  x:  0.16684   0.15628   0.01468   0.07187   0.01273   0.05886   0.01020   0.14273   0.04192   0.12892   0.04297   0.00933   0.00630   0.01250   0.08116   0.07369   0.06726   0.16306   0.01340   0.02177   0.02568   0.00328   0.00432   0.02233   0.00549   0.00233   0.01660   0.00916   0.05632   0.14397   0.20019   0.16975   0.03606   0.00577   0.00982   0.05141   0.15211   0.01309   0.01379   2.04053   0.34437  
 11 4796.8816  12789.923399  x:  0.16119   0.14761   0.01004   0.07481   0.01443   0.05827   0.00918   0.14498   0.03881   0.12985   0.03911   0.00763   0.01033   0.01286   0.08088   0.07603   0.06407   0.17308   0.01431   0.02286   0.02818   0.00308   0.01400   0.02428   0.00655   0.00260   0.01471   0.00912   0.05689   0.15420   0.20737   0.17916   0.03072   0.00574   0.01103   0.05117   0.16162   0.01365   0.01286   2.05179   0.30241  
 12 4332.8456  12769.247164  x:  0.15227   0.13410   0.02483   0.07869   0.01481   0.05672   0.01123   0.14788   0.03704   0.13078   0.03698   0.00729   0.01020   0.01390   0.08093   0.07906   0.06005   0.18717   0.02039   0.02110   0.02989   0.00305   0.01203   0.02425   0.00618   0.00249   0.01599   0.00966   0.05742   0.16835   0.21745   0.19250   0.02974   0.00564   0.01240   0.05181   0.17483   0.01487   0.01147   2.06958   0.23868  
 13 3620.2636  12765.610869  x:  0.14996   0.13054   0.02262   0.07792   0.01402   0.05738   0.00899   0.14879   0.04132   0.13141   0.04303   0.00733   0.00835   0.01420   0.08122   0.07881   0.06154   0.18936   0.01993   0.02297   0.02865   0.00354   0.01231   0.02223   0.00670   0.00263   0.01640   0.00964   0.05704   0.17016   0.22059   0.19574   0.03970   0.00565   0.01170   0.05336   0.17638   0.01450   0.01413   2.07629   0.22637  
 14 626.2686  12764.917899  x:  0.14884   0.12895   0.02188   0.07707   0.01502   0.05719   0.01052   0.14903   0.04295   0.13155   0.04496   0.00726   0.00978   0.01439   0.08154   0.07828   0.06274   0.18949   0.01953   0.02260   0.02769   0.00309   0.01201   0.02180   0.00622   0.00256   0.01629   0.00954   0.05680   0.16994   0.22180   0.19663   0.04078   0.00563   0.01177   0.05352   0.17610   0.01452   0.01155   2.08000   0.22493  
 15 283.6991  12763.043744  x:  0.14450   0.12254   0.02282   0.07280   0.01405   0.05685   0.01060   0.15066   0.04638   0.13276   0.04860   0.00444   0.00879   0.01311   0.08306   0.07550   0.06894   0.18911   0.01845   0.02311   0.02537   0.00345   0.01209   0.02285   0.00659   0.00260   0.01521   0.00936   0.05588   0.16770   0.22872   0.20102   0.03651   0.00561   0.01268   0.05273   0.17342   0.01614   0.01201   2.10073   0.22501  
 16 255.8613  12761.422761  x:  0.14020   0.11628   0.02353   0.06919   0.01414   0.05710   0.00900   0.15230   0.04781   0.13400   0.05034   0.00888   0.00916   0.01324   0.08454   0.07304   0.07419   0.18856   0.01852   0.02366   0.02481   0.00335   0.01223   0.02350   0.00648   0.00263   0.01596   0.00958   0.05529   0.16537   0.23606   0.20560   0.03330   0.00562   0.01266   0.05225   0.17071   0.01514   0.01282   2.12354   0.22612  
 17 1053.1204  12757.983100  x:  0.13213   0.10530   0.02337   0.06643   0.01689   0.05781   0.00911   0.15508   0.04422   0.13582   0.04599   0.00638   0.00824   0.01402   0.08639   0.07017   0.07922   0.18699   0.02128   0.02258   0.02867   0.00325   0.01201   0.02223   0.00639   0.00255   0.01830   0.00972   0.05556   0.16074   0.25040   0.21392   0.03567   0.00564   0.01003   0.05319   0.16542   0.01162   0.01313   2.17399   0.23096  
 18 806.5496  12755.046235  x:  0.12571   0.09741   0.02346   0.06682   0.01373   0.05730   0.01052   0.15695   0.04023   0.13689   0.04154   0.00785   0.00818   0.01460   0.08688   0.06916   0.08005   0.18540   0.02065   0.02251   0.03142   0.00326   0.01200   0.02128   0.00648   0.00258   0.01662   0.00951   0.05635   0.15697   0.26242   0.22046   0.04011   0.00561   0.01097   0.05427   0.16136   0.01662   0.01186   2.22235   0.23588  
 19 1568.4323  12750.901074  x:  0.11968   0.09350   0.02636   0.07351   0.01463   0.05495   0.00993   0.15676   0.03962   0.13611   0.04174   0.00777   0.00960   0.01313   0.08456   0.07197   0.07232   0.18283   0.01526   0.02210   0.02823   0.00318   0.01249   0.02262   0.00641   0.00254   0.01351   0.00957   0.05760   0.15333   0.27419   0.22509   0.04263   0.00549   0.01561   0.05429   0.15838   0.01252   0.01306   2.29402   0.24228  
 20 955.6985  12744.691507  x:  0.11363   0.09354   0.02509   0.08412   0.01492   0.05559   0.00842   0.15480   0.04307   0.13370   0.04658   0.00705   0.00908   0.01195   0.08051   0.07851   0.05760   0.17882   0.01923   0.02410   0.02256   0.00331   0.01219   0.02435   0.00645   0.00259   0.02075   0.00965   0.05857   0.14947   0.28905   0.22895   0.04090   0.00553   0.01576   0.05299   0.15599   0.01520   0.01189   2.41186   0.25143  
 21 2172.1098  12740.130496  x:  0.11190   0.09700   0.02446   0.08701   0.01411   0.05790   0.01227   0.15106   0.04678   0.13023   0.05058   0.00798   0.00802   0.01483   0.07886   0.08185   0.05136   0.17634   0.02273   0.02453   0.02464   0.00352   0.01212   0.02263   0.00668   0.00269   0.01470   0.00971   0.05769   0.14832   0.29328   0.22687   0.03814   0.00564   0.00982   0.05231   0.15626   0.01460   0.01370   2.49568   0.25566  
 22 1838.5765  12729.164165  x:  0.11662   0.11342   0.02561   0.08169   0.01403   0.05662   0.00436   0.13853   0.04965   0.12005   0.05285   0.00604   0.00868   0.01779   0.07795   0.08450   0.05431   0.17241   0.01905   0.02081   0.03511   0.00305   0.01213   0.01689   0.00636   0.00248   0.01479   0.00939   0.05355   0.14949   0.28933   0.21165   0.03629   0.00560   0.01052   0.05311   0.16103   0.01602   0.01005   2.69549   0.26029  
 23 1860.4188  12719.998169  x:  0.12539   0.13243   0.02444   0.07438   0.01385   0.05583   0.01292   0.12725   0.05017   0.11141   0.05210   0.00696   0.00854   0.01594   0.07805   0.08548   0.06180   0.16957   0.01528   0.02153   0.04153   0.00319   0.01298   0.01885   0.00680   0.00259   0.02107   0.00997   0.05072   0.15216   0.28274   0.19478   0.03733   0.00561   0.01560   0.05435   0.16688   0.01520   0.01368   2.90475   0.26411  
 24 6994.0320  12712.119002  x:  0.13399   0.14417   0.02248   0.06852   0.01523   0.05609   0.01133   0.12176   0.04578   0.10881   0.04747   0.00844   0.00851   0.00923   0.08067   0.08251   0.06931   0.16915   0.02281   0.02095   0.03210   0.00320   0.01185   0.02722   0.00646   0.00252   0.01567   0.00977   0.05343   0.15497   0.27109   0.18005   0.04214   0.00563   0.01556   0.05508   0.17091   0.01481   0.01249   3.06356   0.26665  
 25 3268.0997  12708.264535  x:  0.13906   0.14664   0.02329   0.06757   0.01319   0.05820   0.01108   0.12314   0.04230   0.11183   0.04427   0.00726   0.01100   0.01447   0.08302   0.07808   0.07179   0.17060   0.02044   0.02312   0.02257   0.00316   0.01217   0.02645   0.00639   0.00255   0.01673   0.00966   0.05688   0.15690   0.26017   0.17272   0.04293   0.00571   0.01134   0.05451   0.17193   0.01455   0.01319   3.13984   0.26803  
 26 1855.0003  12705.721972  x:  0.14448   0.14591   0.02353   0.06976   0.01764   0.05857   0.01155   0.12933   0.04152   0.11893   0.04393   0.00844   0.00746   0.01343   0.08466   0.07338   0.07191   0.17321   0.01881   0.02570   0.02102   0.00376   0.01275   0.02203   0.00702   0.00271   0.01621   0.01017   0.05939   0.15844   0.24784   0.16911   0.04219   0.00572   0.01114   0.05333   0.17138   0.01610   0.01239   3.19201   0.26953  
 27 1100.9996  12702.552920  x:  0.15224   0.14248   0.02258   0.07360   0.01435   0.05703   0.01163   0.14054   0.04285   0.13071   0.04595   0.00796   0.01050   0.01066   0.08659   0.06773   0.07084   0.17740   0.02164   0.02430   0.02417   0.00330   0.01238   0.01893   0.00649   0.00258   0.01656   0.00987   0.06117   0.16014   0.22807   0.16623   0.04150   0.00565   0.01344   0.05206   0.16940   0.01458   0.01354   3.25734   0.27203  
 28 1423.1164  12701.321907  x:  0.15627   0.14031   0.02282   0.07453   0.01477   0.05718   0.01107   0.14639   0.04391   0.13592   0.04714   0.00773   0.00976   0.01307   0.08635   0.06809   0.07032   0.17943   0.02063   0.02249   0.02689   0.00327   0.01230   0.02479   0.00655   0.00253   0.01678   0.00989   0.05944   0.16068   0.21800   0.16721   0.04213   0.00566   0.01276   0.05276   0.16791   0.01509   0.01293   3.28402   0.27331  
 29 698.0053  12700.650718  x:  0.15926   0.13835   0.02309   0.07222   0.01476   0.05749   0.01108   0.14962   0.04357   0.13693   0.04619   0.00780   0.01032   0.01188   0.08393   0.07398   0.07063   0.18036   0.02036   0.02279   0.02557   0.00327   0.01243   0.02383   0.00653   0.00255   0.01672   0.00995   0.05499   0.16023   0.20993   0.17191   0.04208   0.00567   0.01190   0.05447   0.16636   0.01514   0.01306   3.29788   0.27413  
 30 203.2913  12700.534398  x:  0.16015   0.13809   0.02271   0.07150   0.01484   0.05702   0.01114   0.14989   0.04345   0.13630   0.04619   0.00773   0.00982   0.01320   0.08355   0.07501   0.07074   0.18029   0.02111   0.02304   0.02526   0.00330   0.01227   0.02350   0.00654   0.00257   0.01648   0.00988   0.05550   0.15998   0.20791   0.17404   0.04199   0.00565   0.01314   0.05429   0.16599   0.01490   0.01305   3.30041   0.27427  
 31 105.7203  12700.383138  x:  0.16186   0.13813   0.02287   0.07080   0.01485   0.05720   0.01114   0.14955   0.04341   0.13408   0.04658   0.00769   0.01001   0.01278   0.08321   0.07512   0.07077   0.17977   0.02072   0.02283   0.02563   0.00329   0.01236   0.02359   0.00654   0.00255   0.01662   0.00992   0.05827   0.15932   0.20472   0.17884   0.04209   0.00566   0.01262   0.05327   0.16551   0.01502   0.01305   3.30345   0.27433  
 32 79.8143  12700.315125  x:  0.16282   0.13840   0.02278   0.07186   0.01485   0.05721   0.01113   0.14873   0.04355   0.13252   0.04629   0.00769   0.00997   0.01282   0.08406   0.07312   0.07063   0.17922   0.02080   0.02292   0.02538   0.00329   0.01235   0.02360   0.00654   0.00255   0.01659   0.00992   0.05701   0.15892   0.20315   0.18183   0.04205   0.00566   0.01264   0.05364   0.16546   0.01501   0.01306   3.30464   0.27428  
 33 35.9351  12700.163656  x:  0.16271   0.13798   0.02282   0.07353   0.01483   0.05713   0.01125   0.14542   0.04164   0.13512   0.04815   0.00759   0.00995   0.01279   0.08540   0.07427   0.07206   0.17829   0.02079   0.02277   0.02549   0.00330   0.01235   0.02351   0.00654   0.00255   0.01660   0.00993   0.05728   0.15889   0.20234   0.18320   0.04166   0.00565   0.01254   0.05481   0.16670   0.01505   0.01306   3.30528   0.27462  
 34  3.6762  12699.571518  x:  0.16216   0.13687   0.02301   0.07390   0.01486   0.05681   0.01118   0.13722   0.04597   0.14298   0.04468   0.00763   0.00995   0.01290   0.08625   0.07559   0.07272   0.17581   0.02071   0.02216   0.02545   0.00333   0.01240   0.02341   0.00656   0.00254   0.01664   0.00997   0.05776   0.15900   0.20077   0.18602   0.04221   0.00563   0.01254   0.05333   0.16984   0.01506   0.01313   3.30734   0.27536  
 35 37.0429  12696.908566  x:  0.16080   0.13606   0.02372   0.06306   0.01524   0.05563   0.01156   0.12855   0.04076   0.15325   0.04813   0.00724   0.01012   0.01308   0.07871   0.06841   0.06434   0.17165   0.02099   0.01946   0.02517   0.00338   0.01256   0.02338   0.00659   0.00248   0.01663   0.01010   0.05403   0.15929   0.19908   0.18889   0.04337   0.00556   0.01305   0.04959   0.17302   0.01518   0.01313   3.31555   0.27591  
 36 42.1147  12676.516954  x:  0.14492   0.12895   0.02575   0.06046   0.01618   0.04838   0.01160   0.12694   0.04671   0.14933   0.04738   0.00742   0.00999   0.01425   0.06734   0.06218   0.06369   0.16510   0.02223   0.00379   0.02408   0.00386   0.01312   0.02091   0.00690   0.00213   0.01695   0.01074   0.06176   0.15595   0.18758   0.18178   0.03973   0.00516   0.01322   0.07362   0.16984   0.01588   0.01417   3.36608   0.27752  
 37 87.4901  12674.028034  x:  0.14329   0.12767   0.02596   0.06150   0.01630   0.04744   0.01165   0.12762   0.04572   0.14722   0.04798   0.00740   0.01000   0.01432   0.07150   0.06437   0.06440   0.16516   0.02208   0.00171   0.02403   0.00392   0.01320   0.02069   0.00693   0.00209   0.01698   0.01082   0.05958   0.15515   0.18628   0.18025   0.04092   0.00511   0.01311   0.06719   0.16878   0.01599   0.01426   3.37256   0.27766  
 38 310.6708  12673.944352  x:  0.14552   0.12703   0.02576   0.06087   0.01627   0.04750   0.01165   0.12698   0.04568   0.14763   0.04779   0.00743   0.00996   0.01422   0.07310   0.06485   0.06316   0.16374   0.02186   0.00173   0.02411   0.00391   0.01316   0.02072   0.00693   0.00209   0.01701   0.01078   0.05980   0.15242   0.18667   0.17916   0.04059   0.00511   0.01316   0.06782   0.16649   0.01596   0.01424   3.37285   0.27593  
 39 20.9813  12673.879778  x:  0.14720   0.12601   0.02560   0.06210   0.01623   0.04752   0.01165   0.12619   0.04548   0.14757   0.04773   0.00747   0.00994   0.01438   0.07117   0.06468   0.06409   0.16313   0.02198   0.00172   0.02412   0.00390   0.01313   0.02074   0.00693   0.00209   0.01699   0.01077   0.05958   0.15076   0.18691   0.17825   0.04053   0.00512   0.01307   0.06701   0.16523   0.01595   0.01424   3.37311   0.27495  
 40 16.6230  12672.377983  x:  0.16335   0.10940   0.02649   0.06170   0.01650   0.04699   0.01155   0.12098   0.04687   0.14092   0.04915   0.00735   0.01003   0.01452   0.07185   0.06516   0.06215   0.17093   0.02218   0.00172   0.02412   0.00397   0.01333   0.02003   0.00705   0.00212   0.01703   0.01093   0.05938   0.15470   0.19181   0.17419   0.04083   0.00508   0.01307   0.06760   0.17112   0.01616   0.01434   3.37988   0.28039  
 41  6.6627  12630.338163  x:  0.12454   0.07396   0.03358   0.07018   0.01979   0.03557   0.01187   0.14097   0.04646   0.10727   0.05482   0.00760   0.01083   0.01753   0.09024   0.07677   0.07322   0.11973   0.02331   0.00455   0.02055   0.00457   0.01496   0.01310   0.00935   0.00284   0.01838   0.01265   0.04824   0.15204   0.16571   0.14616   0.04783   0.00439   0.01247   0.03840   0.17676   0.01866   0.01650   3.56242   0.28806  
 42 27.6624  12616.334012  x:  0.09935   0.08051   0.03626   0.07185   0.02114   0.03133   0.01243   0.12506   0.04659   0.10219   0.05698   0.00793   0.01124   0.01899   0.09674   0.07812   0.07509   0.16640   0.02438   0.00548   0.01913   0.00482   0.01566   0.01044   0.01022   0.00309   0.01885   0.01337   0.04501   0.13110   0.15471   0.14186   0.05057   0.00414   0.01245   0.03004   0.15183   0.01960   0.01746   3.62878   0.29278  
 43 415.7201  12616.256491  x:  0.09937   0.08039   0.03627   0.07198   0.02114   0.03129   0.01245   0.12390   0.04661   0.10220   0.05701   0.00797   0.01124   0.01891   0.09681   0.07817   0.07509   0.16598   0.02437   0.00549   0.01913   0.00483   0.01566   0.01041   0.01023   0.00309   0.01886   0.01337   0.04500   0.13478   0.15472   0.14187   0.05056   0.00413   0.01244   0.03001   0.14814   0.01960   0.01747   3.62916   0.29275  
 44 24.4714  12596.530392  x:  0.06471   0.06493   0.04133   0.07075   0.02241   0.02137   0.01250   0.11284   0.05083   0.09372   0.05758   0.00840   0.01220   0.01968   0.09425   0.07498   0.07075   0.16735   0.02614   0.00555   0.02011   0.00509   0.01628   0.01335   0.01214   0.00360   0.01991   0.01398   0.05172   0.12521   0.13593   0.13287   0.04938   0.00361   0.01326   0.05590   0.13971   0.02067   0.01840   3.74657   0.29602  
 45  0.4226  12591.401577  x:  0.08366   0.06201   0.04171   0.06921   0.02158   0.01816   0.01245   0.10192   0.05028   0.09209   0.05617   0.00856   0.01291   0.01865   0.09071   0.07198   0.06240   0.16727   0.02677   0.00567   0.02272   0.00500   0.01588   0.01874   0.01265   0.00375   0.02007   0.01370   0.05460   0.12600   0.11916   0.12798   0.05036   0.00354   0.01329   0.05624   0.14407   0.02039   0.01797   3.79942   0.29527  
 46  0.1166  12588.985249  x:  0.07560   0.06626   0.04197   0.06674   0.02031   0.01546   0.01284   0.09721   0.04889   0.09514   0.05394   0.00863   0.01340   0.01729   0.08623   0.06989   0.05496   0.16013   0.02726   0.00584   0.02510   0.00483   0.01532   0.02143   0.01288   0.00388   0.02012   0.01331   0.05615   0.12980   0.13022   0.12972   0.05109   0.00353   0.01257   0.05356   0.15150   0.01984   0.01723   3.79402   0.29204  
 47  0.0362  12587.843053  x:  0.07694   0.06351   0.04172   0.06366   0.01892   0.01215   0.01327   0.10556   0.04858   0.09465   0.05204   0.00868   0.01365   0.01636   0.08268   0.06906   0.05606   0.15746   0.02761   0.00627   0.02476   0.00464   0.01483   0.02004   0.01285   0.00405   0.01995   0.01317   0.05643   0.12948   0.12947   0.13272   0.05052   0.00355   0.01068   0.05520   0.15154   0.01925   0.01646   3.79726   0.29105  
 48  0.0103  12587.401276  x:  0.07851   0.06914   0.04121   0.06457   0.01858   0.01143   0.01343   0.10353   0.04855   0.09544   0.05214   0.00877   0.01345   0.01621   0.08400   0.06965   0.05916   0.15792   0.02754   0.00680   0.02386   0.00455   0.01467   0.01963   0.01268   0.00419   0.01995   0.01328   0.05588   0.12821   0.13068   0.13222   0.05030   0.00367   0.00972   0.05642   0.14928   0.01898   0.01622   3.79051   0.29217  
 49  0.0116  12587.113052  x:  0.07930   0.06562   0.04124   0.06630   0.01883   0.01069   0.01338   0.10226   0.04863   0.09712   0.05297   0.00881   0.01293   0.01649   0.08604   0.07059   0.05978   0.16075   0.02743   0.00736   0.02342   0.00454   0.01461   0.01990   0.01253   0.00438   0.02020   0.01347   0.05509   0.12858   0.13472   0.13281   0.05043   0.00380   0.00989   0.05555   0.14833   0.01891   0.01626   3.77907   0.29286  
 50  0.0128  12586.621281  x:  0.07793   0.06808   0.04129   0.06771   0.01978   0.01096   0.01321   0.10592   0.04892   0.09605   0.05426   0.00885   0.01204   0.01735   0.08798   0.07118   0.05749   0.16229   0.02704   0.00847   0.02381   0.00465   0.01468   0.01990   0.01228   0.00483   0.02070   0.01370   0.05480   0.13161   0.13024   0.13339   0.05066   0.00420   0.00997   0.05343   0.14980   0.01899   0.01653   3.76912   0.29349  
 51  0.0072  12585.897877  x:  0.08031   0.06653   0.04147   0.06418   0.02018   0.01181   0.01316   0.10225   0.04949   0.09441   0.05400   0.00885   0.01226   0.01752   0.08530   0.06912   0.05641   0.15941   0.02696   0.01011   0.02399   0.00480   0.01470   0.01864   0.01198   0.00568   0.02072   0.01354   0.05642   0.12797   0.13352   0.13170   0.05030   0.00503   0.00908   0.05355   0.14956   0.01904   0.01669   3.75495   0.29213  
 52  0.0079  12585.508142  x:  0.07778   0.06643   0.04155   0.06386   0.01954   0.01073   0.01304   0.10189   0.04910   0.09733   0.05308   0.00879   0.01295   0.01676   0.08414   0.06912   0.05810   0.15761   0.02728   0.01102   0.02310   0.00476   0.01450   0.01951   0.01183   0.00620   0.02035   0.01330   0.05624   0.12799   0.12983   0.13218   0.05036   0.00552   0.01018   0.05361   0.14992   0.01894   0.01660   3.76223   0.29131  
 53  0.0085  12585.255168  x:  0.07770   0.06622   0.04144   0.06559   0.01891   0.01180   0.01301   0.10444   0.04869   0.09500   0.05250   0.00869   0.01339   0.01622   0.08471   0.06995   0.05911   0.15934   0.02728   0.01151   0.02319   0.00465   0.01441   0.02047   0.01165   0.00656   0.01999   0.01316   0.05538   0.12960   0.13182   0.13277   0.05020   0.00605   0.00981   0.05471   0.14964   0.01900   0.01647   3.76480   0.29131  
 54  0.0053  12584.953751  x:  0.07788   0.06580   0.04147   0.06673   0.01878   0.01126   0.01341   0.10223   0.04859   0.09535   0.05262   0.00860   0.01336   0.01654   0.08569   0.07051   0.05669   0.16019   0.02712   0.01143   0.02436   0.00449   0.01463   0.01917   0.01167   0.00701   0.01984   0.01330   0.05509   0.12972   0.12932   0.13083   0.04994   0.00678   0.00942   0.05714   0.14961   0.01933   0.01637   3.79120   0.29338  
 55  0.0109  12584.139245  x:  0.07718   0.06621   0.04064   0.06394   0.01925   0.01184   0.01362   0.10204   0.04877   0.09600   0.05404   0.00874   0.01264   0.01735   0.08659   0.06957   0.05770   0.15883   0.02691   0.00881   0.02319   0.00429   0.01510   0.02033   0.01187   0.00738   0.02004   0.01344   0.05714   0.12604   0.13168   0.13402   0.05030   0.00855   0.00943   0.05576   0.14793   0.01955   0.01622   3.83049   0.29561  
 56  0.0094  12583.855449  x:  0.07764   0.06621   0.04055   0.06493   0.01914   0.01091   0.01355   0.10344   0.04873   0.09465   0.05315   0.00882   0.01267   0.01693   0.08556   0.06983   0.05848   0.15900   0.02699   0.00750   0.02364   0.00443   0.01502   0.01996   0.01199   0.00736   0.02021   0.01320   0.05617   0.12979   0.13201   0.13099   0.05020   0.00916   0.00927   0.05505   0.15049   0.01922   0.01624   3.82713   0.29346  
 57  0.0059  12583.774627  x:  0.07802   0.06616   0.04077   0.06582   0.01912   0.01117   0.01337   0.10329   0.04871   0.09645   0.05277   0.00875   0.01289   0.01662   0.08512   0.07018   0.05824   0.15963   0.02709   0.00746   0.02396   0.00456   0.01488   0.01965   0.01191   0.00735   0.02021   0.01311   0.05525   0.12980   0.13060   0.13337   0.05016   0.00940   0.00893   0.05464   0.15009   0.01902   0.01639   3.80516   0.29213  
 58  0.0213  12583.713886  x:  0.07826   0.06655   0.04126   0.06609   0.01924   0.01096   0.01305   0.10312   0.04881   0.09499   0.05282   0.00870   0.01314   0.01643   0.08498   0.07023   0.05773   0.16013   0.02732   0.00770   0.02387   0.00469   0.01471   0.01955   0.01177   0.00731   0.02014   0.01320   0.05517   0.12861   0.13083   0.13257   0.05034   0.00967   0.00931   0.05427   0.14889   0.01891   0.01662   3.77475   0.29176  
 59  0.0201  12583.646742  x:  0.07763   0.06620   0.04183   0.06524   0.01929   0.01123   0.01289   0.10294   0.04888   0.09602   0.05323   0.00865   0.01324   0.01661   0.08523   0.06993   0.05833   0.15999   0.02742   0.00761   0.02368   0.00473   0.01453   0.01963   0.01170   0.00708   0.02004   0.01343   0.05588   0.12880   0.13088   0.13088   0.05045   0.01010   0.00885   0.05411   0.14943   0.01901   0.01664   3.75023   0.29225  
 60  0.0123  12583.560821  x:  0.07771   0.06615   0.04214   0.06477   0.01913   0.01100   0.01308   0.10241   0.04872   0.09488   0.05317   0.00869   0.01307   0.01689   0.08558   0.06970   0.05838   0.15930   0.02738   0.00746   0.02385   0.00469   0.01429   0.01964   0.01177   0.00651   0.02013   0.01362   0.05616   0.12951   0.13089   0.13393   0.05035   0.01048   0.00901   0.05510   0.15035   0.01918   0.01636   3.73944   0.29244  
 61  0.0054  12583.460781  x:  0.07805   0.06627   0.04205   0.06534   0.01895   0.01103   0.01334   0.10395   0.04859   0.09626   0.05278   0.00884   0.01292   0.01688   0.08553   0.06998   0.05763   0.15906   0.02721   0.00783   0.02388   0.00468   0.01417   0.01999   0.01193   0.00575   0.02027   0.01359   0.05556   0.12911   0.13096   0.13218   0.05023   0.01068   0.00915   0.05571   0.14946   0.01925   0.01613   3.75049   0.29172  
 62  0.0065  12583.411168  x:  0.07761   0.06603   0.04179   0.06572   0.01914   0.01101   0.01339   0.10280   0.04881   0.09515   0.05289   0.00881   0.01295   0.01673   0.08533   0.07014   0.05820   0.15929   0.02715   0.00810   0.02371   0.00470   0.01442   0.01993   0.01209   0.00546   0.02025   0.01343   0.05546   0.12901   0.13031   0.13209   0.05030   0.01080   0.00885   0.05481   0.14951   0.01915   0.01633   3.77372   0.29190  
 63  0.0159  12583.398936  x:  0.07796   0.06624   0.04150   0.06545   0.01922   0.01110   0.01331   0.10290   0.04886   0.09556   0.05301   0.00876   0.01298   0.01665   0.08514   0.07003   0.05814   0.15966   0.02721   0.00804   0.02372   0.00467   0.01460   0.01968   0.01212   0.00544   0.02018   0.01336   0.05565   0.12903   0.13086   0.13223   0.05032   0.01094   0.00902   0.05461   0.14960   0.01906   0.01647   3.78142   0.29234  
 64  0.0066  12583.397172  x:  0.07784   0.06624   0.04143   0.06541   0.01918   0.01102   0.01326   0.10309   0.04880   0.09554   0.05300   0.00873   0.01302   0.01665   0.08520   0.06997   0.05804   0.15960   0.02725   0.00807   0.02375   0.00464   0.01465   0.01970   0.01212   0.00546   0.02014   0.01335   0.05564   0.12904   0.13092   0.13238   0.05032   0.01103   0.00893   0.05463   0.14955   0.01906   0.01648   3.78108   0.29239  
 65  0.0004  12583.396851  x:  0.07784   0.06622   0.04139   0.06545   0.01919   0.01104   0.01322   0.10305   0.04879   0.09554   0.05299   0.00874   0.01303   0.01668   0.08525   0.07001   0.05808   0.15956   0.02726   0.00808   0.02376   0.00463   0.01467   0.01971   0.01212   0.00545   0.02014   0.01335   0.05562   0.12908   0.13086   0.13234   0.05030   0.01106   0.00895   0.05468   0.14960   0.01908   0.01648   3.77976   0.29232  
 66  0.0009  12583.396808  x:  0.07786   0.06622   0.04136   0.06545   0.01920   0.01103   0.01321   0.10304   0.04880   0.09554   0.05299   0.00874   0.01302   0.01668   0.08523   0.07000   0.05806   0.15956   0.02727   0.00807   0.02375   0.00463   0.01468   0.01971   0.01212   0.00545   0.02015   0.01334   0.05563   0.12905   0.13086   0.13232   0.05030   0.01105   0.00895   0.05468   0.14958   0.01909   0.01647   3.77927   0.29231  
 67  0.0003  12583.396802  x:  0.07785   0.06622   0.04136   0.06545   0.01919   0.01103   0.01322   0.10305   0.04879   0.09554   0.05299   0.00874   0.01302   0.01668   0.08523   0.07000   0.05807   0.15956   0.02727   0.00807   0.02376   0.00463   0.01469   0.01971   0.01212   0.00545   0.02015   0.01334   0.05563   0.12906   0.13086   0.13233   0.05030   0.01105   0.00895   0.05468   0.14958   0.01909   0.01646   3.77893   0.29231  
 68  0.0002  12583.396801  x:  0.07785   0.06622   0.04136   0.06545   0.01919   0.01103   0.01322   0.10304   0.04879   0.09554   0.05299   0.00874   0.01302   0.01668   0.08523   0.07000   0.05807   0.15956   0.02727   0.00807   0.02375   0.00463   0.01469   0.01971   0.01212   0.00545   0.02015   0.01334   0.05563   0.12906   0.13086   0.13233   0.05030   0.01105   0.00895   0.05468   0.14958   0.01909   0.01647   3.77890   0.29231  
 69  0.0000  12583.396801  x:  0.07785   0.06622   0.04136   0.06545   0.01919   0.01103   0.01322   0.10304   0.04879   0.09554   0.05299   0.00874   0.01302   0.01668   0.08523   0.07000   0.05807   0.15956   0.02727   0.00807   0.02376   0.00463   0.01469   0.01971   0.01212   0.00545   0.02015   0.01334   0.05563   0.12906   0.13086   0.13233   0.05030   0.01105   0.00895   0.05468   0.14958   0.01909   0.01647   3.77890   0.29231  
 70  0.0000  12583.396801  x:  0.07785   0.06622   0.04136   0.06545   0.01919   0.01103   0.01322   0.10304   0.04879   0.09554   0.05299   0.00874   0.01302   0.01668   0.08523   0.07000   0.05807   0.15956   0.02727   0.00807   0.02376   0.00463   0.01469   0.01971   0.01212   0.00545   0.02015   0.01334   0.05563   0.12906   0.13086   0.13233   0.05030   0.01105   0.00895   0.05468   0.14958   0.01909   0.01647   3.77889   0.29231  