

TREE # 1

  0  0.0000  13484.214019  x:  0.04305   0.08343   0.05243   0.01277   0.09097   0.06457   0.10761   0.01751   0.09509   0.05219   0.05087   0.09297   0.03891   0.10046   0.08371   0.02302   0.06262   0.09704   0.03379   0.09565   0.01400   0.05544   0.02178   0.10604   0.09498   0.08157   0.09816   0.04857   0.02098   0.03776   0.05444   0.05879   0.08524   0.10283   0.08859   0.04117   0.09533   0.10156   0.07941   0.09368   2.00000   0.50000  
  1 99.0000  13045.901295  x:  0.04677   0.07082   0.02652   0.00000   0.07803   0.06828   0.11630   0.01103   0.06936   0.03264   0.05226   0.09343   0.05381   0.07705   0.06942   0.07801   0.07114   0.08467   0.01108   0.06925   0.17207   0.04212   0.13833   0.08593   0.08962   0.06224   0.06913   0.01782   0.02335   0.02278   0.02923   0.03312   0.07258   0.07249   0.06294   0.01793   0.08525   0.11665   0.07170   0.10133   2.00546   0.47866  
  2 6186.9909  12985.647404  x:  0.04828   0.06570   0.01614   0.02434   0.07263   0.06979   0.11991   0.00885   0.05849   0.02443   0.05277   0.09360   0.05937   0.06704   0.06337   0.09911   0.07450   0.07955   0.00216   0.05809   0.23277   0.03625   0.18331   0.07731   0.08740   0.05411   0.05680   0.00482   0.02431   0.01680   0.01875   0.02235   0.06732   0.05958   0.05212   0.00853   0.08105   0.12287   0.06848   0.10450   2.00779   0.46956  
  3 59805.8587  12946.474419  x:  0.04867   0.06356   0.01228   0.02588   0.07031   0.07018   0.12143   0.01209   0.05295   0.02077   0.05272   0.09355   0.05854   0.06124   0.06035   0.09985   0.07489   0.07769   0.01745   0.05260   0.23728   0.03202   0.18720   0.07219   0.08652   0.05031   0.05010   0.00000   0.02452   0.01702   0.01551   0.01787   0.06529   0.05230   0.04678   0.01008   0.07932   0.12519   0.06712   0.10582   2.00912   0.46435  
  4 3709.0577  12896.141472  x:  0.04968   0.05784   0.00234   0.02961   0.06408   0.07120   0.12549   0.02011   0.03795   0.01102   0.05258   0.09341   0.05612   0.04547   0.05220   0.10127   0.07589   0.07264   0.05124   0.03763   0.24808   0.02056   0.19671   0.05826   0.08420   0.04010   0.03203   0.01310   0.02516   0.01791   0.00757   0.00607   0.05989   0.03247   0.03236   0.01407   0.07468   0.13140   0.06349   0.10935   2.01275   0.45012  
  5 18600.1743  12838.062747  x:  0.05077   0.05209   0.02535   0.03029   0.05729   0.07228   0.13016   0.02229   0.01988   0.00394   0.05282   0.09327   0.05211   0.02526   0.04290   0.09872   0.07657   0.06693   0.06067   0.01936   0.25111   0.00730   0.20107   0.04043   0.08183   0.02879   0.01023   0.01645   0.02524   0.01938   0.01170   0.00891   0.05455   0.00688   0.01626   0.01496   0.06977   0.13840   0.05956   0.11352   2.01762   0.43110  
  6 4199.8435  12823.888576  x:  0.05120   0.05068   0.02085   0.02991   0.05549   0.07272   0.13186   0.02129   0.01621   0.00813   0.05327   0.09327   0.05082   0.01859   0.04057   0.09662   0.07668   0.06551   0.05765   0.01569   0.24928   0.00671   0.20065   0.03448   0.08135   0.02631   0.00602   0.01547   0.02507   0.01950   0.01305   0.01068   0.05347   0.00135   0.01504   0.01431   0.06858   0.14059   0.05857   0.11493   2.01959   0.42346  
  7 2032.6404  12813.577799  x:  0.05167   0.04895   0.01718   0.02953   0.05330   0.07318   0.13385   0.02044   0.01210   0.01042   0.05375   0.09327   0.04935   0.01082   0.03776   0.09427   0.07686   0.06378   0.05484   0.01160   0.24753   0.00562   0.20046   0.02738   0.08076   0.02331   0.00213   0.01458   0.02487   0.01972   0.01447   0.01215   0.05214   0.00429   0.01336   0.01380   0.06711   0.14327   0.05736   0.11665   2.02199   0.41422  
  8 4605.8635  12806.700538  x:  0.05205   0.04732   0.01506   0.02926   0.05127   0.07356   0.13573   0.02008   0.00978   0.01000   0.05415   0.09330   0.04814   0.00450   0.03525   0.09216   0.07707   0.06219   0.05281   0.00941   0.24625   0.00490   0.20060   0.02083   0.08020   0.02077   0.00634   0.01393   0.02469   0.01998   0.01551   0.01246   0.05087   0.00477   0.01220   0.01361   0.06572   0.14591   0.05621   0.11837   2.02438   0.40498  
  9 3444.3482  12793.078046  x:  0.05280   0.04393   0.01289   0.02867   0.04703   0.07431   0.14020   0.02031   0.01344   0.00375   0.05521   0.09347   0.04651   0.00272   0.03066   0.08714   0.07772   0.05904   0.04816   0.01371   0.24337   0.00730   0.20125   0.00764   0.07919   0.01695   0.00512   0.01262   0.02441   0.02043   0.01524   0.00988   0.04821   0.00402   0.01315   0.01399   0.06274   0.15243   0.05373   0.12270   2.03068   0.38086  
 10 1857.2900  12780.591134  x:  0.05418   0.03978   0.01179   0.02822   0.04187   0.07569   0.14736   0.02138   0.01097   0.00441   0.05696   0.09383   0.04519   0.01328   0.02626   0.08037   0.07885   0.05488   0.04478   0.01085   0.24046   0.00865   0.20354   0.00297   0.07843   0.01529   0.00672   0.01170   0.02415   0.02098   0.01425   0.00824   0.04483   0.00451   0.01203   0.01475   0.05887   0.16249   0.05052   0.12959   2.04095   0.34205  
 11 2119.4463  12762.069281  x:  0.05617   0.03461   0.01064   0.02771   0.03553   0.07768   0.15862   0.02328   0.01145   0.00246   0.05954   0.09444   0.04265   0.01402   0.02191   0.07049   0.08062   0.04913   0.04088   0.01153   0.23644   0.01008   0.20803   0.01363   0.07786   0.01530   0.00688   0.01069   0.02390   0.02154   0.01253   0.00755   0.04051   0.00452   0.01242   0.01560   0.05360   0.17845   0.04621   0.14063   2.05794   0.27870  
 12 4621.6725  12751.896816  x:  0.05710   0.03710   0.01264   0.02807   0.03825   0.07861   0.16444   0.02472   0.01414   0.00763   0.05995   0.09487   0.04292   0.01237   0.02836   0.06829   0.08160   0.04968   0.04366   0.01451   0.23637   0.00609   0.21245   0.01120   0.07788   0.02115   0.00723   0.01161   0.02438   0.02094   0.01177   0.01030   0.04177   0.00515   0.01403   0.01556   0.05371   0.18685   0.04650   0.14582   2.06894   0.24210  
 13 2038.8160  12748.337836  x:  0.05685   0.04078   0.01191   0.02801   0.04267   0.07836   0.16589   0.02348   0.01213   0.00426   0.05963   0.09516   0.04418   0.01200   0.03212   0.06894   0.08167   0.05260   0.04356   0.01204   0.23484   0.00874   0.21349   0.01061   0.07840   0.02218   0.00674   0.01147   0.02465   0.02043   0.01400   0.00856   0.04480   0.00470   0.01400   0.01470   0.05616   0.18942   0.04856   0.14695   2.07484   0.22873  
 14 895.1435  12747.250476  x:  0.05637   0.04202   0.01166   0.02797   0.04443   0.07788   0.16602   0.02231   0.01250   0.00450   0.05900   0.09546   0.04553   0.01237   0.03020   0.07106   0.08136   0.05510   0.04344   0.01291   0.23335   0.00771   0.21411   0.01098   0.07906   0.01839   0.00689   0.01143   0.02458   0.02067   0.01275   0.00924   0.04655   0.00473   0.01217   0.01492   0.05858   0.19015   0.05034   0.14662   2.08033   0.22499  
 15 296.0653  12746.685001  x:  0.05595   0.04179   0.01228   0.02799   0.04442   0.07746   0.16592   0.02203   0.01263   0.00513   0.05848   0.09567   0.04632   0.01218   0.02818   0.07314   0.08109   0.05634   0.04375   0.01225   0.23222   0.00734   0.21498   0.01096   0.07976   0.01749   0.00688   0.01153   0.02449   0.02088   0.01259   0.00853   0.04691   0.00476   0.01466   0.01518   0.06011   0.19057   0.05132   0.14608   2.08613   0.22369  
 16 298.6353  12745.219142  x:  0.05477   0.03943   0.01195   0.02809   0.04219   0.07628   0.16527   0.02238   0.01260   0.00481   0.05716   0.09624   0.04780   0.01207   0.02489   0.07914   0.08037   0.05817   0.04452   0.01245   0.22838   0.00871   0.21814   0.01047   0.08209   0.02072   0.00684   0.01175   0.02420   0.02114   0.01400   0.01050   0.04600   0.00478   0.01409   0.01524   0.06316   0.19155   0.05282   0.14409   2.10746   0.22255  
 17 397.5729  12742.996103  x:  0.05371   0.03733   0.01231   0.02784   0.03970   0.07522   0.16428   0.02273   0.01252   0.00577   0.05610   0.09682   0.04835   0.01159   0.02686   0.08520   0.07972   0.05849   0.04312   0.01293   0.22189   0.00771   0.22225   0.01048   0.08455   0.02190   0.00677   0.01135   0.02402   0.02105   0.01356   0.00669   0.04429   0.00479   0.01205   0.01457   0.06469   0.19275   0.05284   0.14136   2.14116   0.22288  
 18 859.2844  12738.784549  x:  0.05247   0.03597   0.01113   0.02755   0.03731   0.07398   0.16235   0.02386   0.01189   0.00314   0.05518   0.09766   0.04816   0.01242   0.03347   0.09448   0.07900   0.05660   0.04170   0.01162   0.21024   0.00573   0.23173   0.01052   0.08789   0.01930   0.00670   0.01101   0.02418   0.02047   0.01088   0.00942   0.04145   0.00450   0.01389   0.01408   0.06437   0.19515   0.05068   0.13649   2.21332   0.22526  
 19 2160.0096  12733.588037  x:  0.05251   0.03827   0.01253   0.02773   0.03895   0.07402   0.16051   0.02541   0.01237   0.00594   0.05575   0.09819   0.04668   0.01217   0.03648   0.10220   0.07881   0.05212   0.04348   0.01248   0.19869   0.01193   0.24606   0.01060   0.08970   0.01412   0.00707   0.01160   0.02496   0.01998   0.01314   0.01035   0.04055   0.00494   0.01399   0.01547   0.06073   0.19826   0.04683   0.13167   2.31198   0.23000  
 20 3032.0202  12722.403995  x:  0.05519   0.04720   0.01089   0.02743   0.04901   0.07670   0.15766   0.02289   0.01269   0.00423   0.05925   0.09798   0.04273   0.01353   0.02815   0.10395   0.07951   0.04477   0.04222   0.01311   0.17871   0.00635   0.27202   0.01091   0.08809   0.01993   0.00691   0.01112   0.02565   0.02062   0.01495   0.00879   0.04694   0.00469   0.01366   0.01629   0.05194   0.20253   0.04274   0.12628   2.51407   0.24267  
 21 3260.7931  12714.048703  x:  0.05775   0.04551   0.01305   0.02732   0.04908   0.07926   0.15718   0.02115   0.01278   0.00470   0.06202   0.09656   0.04283   0.01217   0.02769   0.09159   0.08111   0.05175   0.04291   0.01141   0.17212   0.01042   0.28589   0.01032   0.08155   0.02241   0.00712   0.01139   0.02417   0.02068   0.00723   0.00926   0.04967   0.00480   0.01334   0.01285   0.05261   0.20241   0.04877   0.12845   2.65827   0.25316  
 22 2348.0239  12705.069318  x:  0.06027   0.04043   0.01193   0.02761   0.04601   0.08178   0.15708   0.02008   0.01297   0.00439   0.06428   0.09458   0.04500   0.01313   0.03058   0.07294   0.08319   0.06284   0.04453   0.01310   0.16888   0.00750   0.30132   0.01117   0.07261   0.02003   0.00706   0.01175   0.02279   0.02033   0.01464   0.00935   0.05090   0.00484   0.01420   0.01186   0.05676   0.20051   0.05746   0.13323   2.83895   0.26621  
 23 6494.7378  12701.964715  x:  0.05851   0.04180   0.01170   0.02771   0.04619   0.08002   0.15745   0.02186   0.01317   0.00432   0.06156   0.09405   0.04750   0.01232   0.03136   0.06601   0.08275   0.06346   0.04213   0.01183   0.17378   0.00758   0.29918   0.01095   0.07339   0.02086   0.00690   0.01123   0.02545   0.02111   0.01375   0.00912   0.04896   0.00470   0.01357   0.02189   0.06193   0.19529   0.05739   0.13715   2.90768   0.26987  
 24 1303.9365  12696.218369  x:  0.05341   0.04577   0.01198   0.02772   0.04774   0.07492   0.15874   0.02446   0.00895   0.00463   0.05449   0.09360   0.05054   0.01211   0.02970   0.05892   0.08072   0.05940   0.04262   0.01526   0.18823   0.00780   0.28236   0.01065   0.07896   0.02046   0.00687   0.01137   0.02662   0.02103   0.01301   0.00909   0.04555   0.00473   0.01459   0.01630   0.06927   0.18141   0.05258   0.14546   3.01782   0.27330  
 25 1379.9314  12693.448350  x:  0.05133   0.04682   0.01180   0.02775   0.04819   0.07284   0.15954   0.02486   0.01357   0.00484   0.05187   0.09346   0.05124   0.01210   0.02915   0.05720   0.07980   0.05735   0.04329   0.01188   0.19675   0.00764   0.27134   0.01061   0.08148   0.01999   0.00689   0.01150   0.02615   0.02077   0.01375   0.00921   0.04500   0.00478   0.01363   0.01283   0.07155   0.17390   0.05039   0.14967   3.07451   0.27466  
 26 3526.5894  12686.758349  x:  0.05190   0.04220   0.01205   0.02810   0.04659   0.07341   0.16151   0.01715   0.01319   0.00473   0.05505   0.09370   0.04741   0.01211   0.03091   0.06570   0.07935   0.05626   0.04498   0.01251   0.22188   0.00831   0.23415   0.01042   0.08295   0.02008   0.00691   0.01186   0.01988   0.01984   0.01380   0.00939   0.05180   0.00476   0.01395   0.01621   0.06645   0.15685   0.05030   0.15763   3.20523   0.27606  
 27 1484.6860  12684.159457  x:  0.05451   0.04178   0.01175   0.02805   0.04688   0.07602   0.16169   0.02216   0.01285   0.00454   0.05867   0.09421   0.04587   0.01206   0.03051   0.07118   0.08001   0.05868   0.04363   0.01257   0.23377   0.00819   0.21472   0.01057   0.08116   0.01991   0.00689   0.01156   0.02699   0.02228   0.01397   0.00935   0.05196   0.00474   0.01395   0.01517   0.06226   0.15335   0.05364   0.15785   3.26028   0.27673  
 28 1175.1258  12683.038598  x:  0.05630   0.04449   0.01165   0.02798   0.04778   0.07781   0.16084   0.02364   0.01283   0.00443   0.05918   0.09476   0.04698   0.01196   0.02963   0.07222   0.08078   0.05981   0.04312   0.01250   0.24006   0.00802   0.20427   0.01082   0.07914   0.02017   0.00689   0.01149   0.02449   0.01871   0.01396   0.00925   0.04713   0.00476   0.01385   0.01551   0.06144   0.15803   0.05513   0.15339   3.28255   0.27747  
 29 373.9910  12682.361901  x:  0.05675   0.04491   0.01158   0.02805   0.04769   0.07826   0.15972   0.02135   0.01299   0.00447   0.05803   0.09506   0.04808   0.01194   0.03012   0.07137   0.08124   0.05933   0.04354   0.01253   0.24561   0.00825   0.19693   0.01103   0.07807   0.02044   0.00690   0.01153   0.02406   0.02253   0.01400   0.00929   0.04624   0.00477   0.01392   0.01529   0.06226   0.16509   0.05442   0.14749   3.29666   0.27830  
 30 277.6840  12682.078459  x:  0.05618   0.04364   0.01165   0.02806   0.04730   0.07769   0.15900   0.02154   0.01296   0.00455   0.05729   0.09501   0.04784   0.01194   0.03019   0.07021   0.08110   0.05888   0.04356   0.01254   0.24821   0.00834   0.19366   0.01110   0.07831   0.02044   0.00692   0.01155   0.02522   0.02073   0.01390   0.00933   0.04900   0.00477   0.01395   0.01526   0.06308   0.16928   0.05349   0.14410   3.30245   0.27877  
 31 169.6563  12682.056895  x:  0.05573   0.04352   0.01162   0.02806   0.04752   0.07724   0.15884   0.02213   0.01293   0.00457   0.05767   0.09482   0.04724   0.01196   0.03019   0.06999   0.08080   0.05919   0.04342   0.01254   0.24854   0.00831   0.19352   0.01108   0.07885   0.02041   0.00691   0.01152   0.02467   0.02103   0.01392   0.00932   0.04918   0.00477   0.01395   0.01530   0.06296   0.16976   0.05358   0.14387   3.30284   0.27883  
 32 25.1327  12682.044798  x:  0.05537   0.04359   0.01163   0.02807   0.04757   0.07688   0.15869   0.02170   0.01297   0.00459   0.05809   0.09462   0.04689   0.01199   0.03017   0.06984   0.08051   0.05942   0.04352   0.01254   0.24868   0.00830   0.19347   0.01107   0.07934   0.02041   0.00692   0.01154   0.02499   0.02088   0.01393   0.00932   0.04885   0.00477   0.01395   0.01530   0.06276   0.17005   0.05376   0.14390   3.30299   0.27887  
 33 13.2124  12681.917918  x:  0.05525   0.04436   0.01160   0.02804   0.04655   0.07676   0.15686   0.02188   0.01297   0.00465   0.05914   0.09352   0.04939   0.01182   0.03035   0.06994   0.07941   0.05865   0.04345   0.01253   0.24843   0.00827   0.19312   0.01102   0.08050   0.02037   0.00691   0.01152   0.02483   0.02096   0.01395   0.00933   0.04958   0.00477   0.01396   0.01524   0.06189   0.17162   0.05463   0.14596   3.30369   0.27926  
 34  3.9918  12680.873727  x:  0.05679   0.04105   0.01107   0.02783   0.05079   0.07830   0.14741   0.02173   0.01309   0.00491   0.05588   0.09103   0.04829   0.01195   0.03069   0.07266   0.07891   0.05901   0.04224   0.01265   0.24653   0.00839   0.19172   0.01103   0.08049   0.02049   0.00692   0.01121   0.02506   0.02077   0.01390   0.00935   0.04857   0.00479   0.01407   0.01522   0.06320   0.17813   0.05313   0.15667   3.30884   0.28088  
 35 26.5730  12677.541536  x:  0.05499   0.05070   0.00962   0.02724   0.04199   0.07649   0.13843   0.02162   0.01336   0.00545   0.05469   0.09698   0.04014   0.01251   0.03088   0.07625   0.08348   0.06174   0.03913   0.01304   0.24197   0.00862   0.19042   0.01128   0.07743   0.02102   0.00699   0.01040   0.02511   0.02089   0.01395   0.00932   0.05096   0.00484   0.01437   0.01503   0.06772   0.18320   0.05060   0.16565   3.32482   0.28275  
 36 70.7129  12655.118857  x:  0.04238   0.04529   0.00233   0.02402   0.05150   0.06386   0.13635   0.02083   0.01436   0.00756   0.06494   0.12469   0.05085   0.01177   0.03395   0.07944   0.09382   0.05942   0.02171   0.01491   0.21357   0.00952   0.18524   0.01184   0.07633   0.02276   0.00732   0.00587   0.02540   0.01999   0.01324   0.00917   0.05010   0.00510   0.01589   0.01417   0.06934   0.18150   0.05154   0.16364   3.41688   0.28803  
 37 206.0738  12650.710521  x:  0.04754   0.04687   0.00084   0.02341   0.05001   0.06901   0.13841   0.02053   0.01462   0.00751   0.06107   0.11909   0.04904   0.01196   0.03453   0.07901   0.08849   0.06060   0.01827   0.01534   0.20879   0.00984   0.18513   0.01198   0.08175   0.02269   0.00741   0.00498   0.02533   0.01991   0.01320   0.00914   0.05051   0.00515   0.01622   0.01413   0.06989   0.17853   0.05242   0.15878   3.43482   0.28816  
 38 411.6799  12650.485761  x:  0.04701   0.04698   0.00079   0.02337   0.04988   0.06848   0.13686   0.02062   0.01461   0.00757   0.06373   0.11453   0.04959   0.01192   0.03435   0.07947   0.08881   0.06107   0.01810   0.01534   0.20835   0.00979   0.18505   0.01202   0.07946   0.02285   0.00741   0.00494   0.02535   0.01991   0.01314   0.00912   0.05028   0.00515   0.01622   0.01404   0.07159   0.17703   0.04984   0.15722   3.43591   0.28732  
 39 56.6357  12650.423093  x:  0.04656   0.04692   0.00077   0.02337   0.04985   0.06804   0.13558   0.02062   0.01461   0.00762   0.06338   0.11309   0.04909   0.01197   0.03436   0.07938   0.09007   0.05973   0.01806   0.01536   0.20831   0.00982   0.18512   0.01203   0.07903   0.02276   0.00741   0.00493   0.02532   0.01991   0.01313   0.00912   0.05020   0.00515   0.01621   0.01404   0.07170   0.17630   0.05147   0.15644   3.43623   0.28684  
 40 19.0602  12650.097097  x:  0.04691   0.04678   0.00081   0.02334   0.04951   0.06838   0.13080   0.02048   0.01462   0.00774   0.06198   0.11270   0.05023   0.01181   0.03405   0.07797   0.09426   0.06199   0.01793   0.01531   0.20809   0.00982   0.18543   0.01196   0.08183   0.02272   0.00740   0.00490   0.02531   0.01992   0.01316   0.00911   0.05025   0.00514   0.01620   0.01416   0.06891   0.17384   0.05053   0.15405   3.43798   0.28547  
 41 12.3540  12643.121194  x:  0.05648   0.04562   0.00156   0.02239   0.05019   0.07795   0.11371   0.02015   0.01530   0.00778   0.07153   0.12006   0.04698   0.01202   0.03531   0.07432   0.08103   0.05529   0.01377   0.01628   0.19983   0.01040   0.18678   0.01185   0.08753   0.02252   0.00771   0.00394   0.02493   0.01971   0.01271   0.00897   0.04941   0.00533   0.01682   0.01342   0.08091   0.16214   0.05255   0.14103   3.47634   0.28132  
 42 18.9323  12628.402594  x:  0.05193   0.04943   0.00226   0.02042   0.04902   0.07339   0.12323   0.01986   0.01627   0.00844   0.05753   0.10214   0.04815   0.01259   0.03742   0.07947   0.07006   0.06030   0.00455   0.01814   0.18122   0.01181   0.18513   0.01298   0.08099   0.02424   0.00822   0.00184   0.02521   0.01927   0.01234   0.00875   0.05029   0.00568   0.01810   0.01372   0.07409   0.15750   0.05409   0.13172   3.54300   0.28379  
 43 289.6878  12627.284048  x:  0.05389   0.04974   0.00239   0.02022   0.04939   0.07535   0.12942   0.01985   0.01642   0.00821   0.06062   0.09785   0.04793   0.01260   0.03772   0.08056   0.07825   0.05932   0.00382   0.01836   0.17909   0.01179   0.18439   0.01288   0.08693   0.02410   0.00829   0.00167   0.02522   0.01917   0.01234   0.00872   0.05044   0.00572   0.01824   0.01347   0.07822   0.15973   0.05397   0.13311   3.54913   0.28608  
 44 152.2918  12616.257002  x:  0.05482   0.05330   0.00343   0.01945   0.04994   0.07635   0.15025   0.01553   0.01781   0.00875   0.05446   0.07419   0.04891   0.01327   0.04056   0.08503   0.08127   0.06246   0.01004   0.02018   0.16192   0.01317   0.18243   0.01393   0.09206   0.02572   0.00889   0.00303   0.02517   0.01861   0.01352   0.01006   0.05216   0.00614   0.01973   0.01150   0.07884   0.15653   0.05625   0.12350   3.63310   0.29166  
 45  0.2769  12598.621264  x:  0.05131   0.05088   0.00431   0.01511   0.05738   0.07295   0.15827   0.00869   0.02047   0.01136   0.05556   0.10643   0.05350   0.01304   0.04478   0.07852   0.08085   0.06758   0.01034   0.02193   0.11468   0.01501   0.16006   0.01633   0.08732   0.02937   0.00971   0.00285   0.02413   0.01882   0.01588   0.01315   0.05627   0.00662   0.02196   0.01004   0.06886   0.15508   0.06052   0.12538   3.86096   0.29406  
 46  0.2760  12592.153950  x:  0.05140   0.05008   0.00507   0.01316   0.05863   0.07281   0.15759   0.01870   0.02106   0.01240   0.05617   0.10567   0.05235   0.01268   0.04537   0.07154   0.07844   0.06877   0.01027   0.02172   0.10714   0.01521   0.13162   0.01769   0.08320   0.03017   0.00973   0.00286   0.02306   0.01933   0.01681   0.01440   0.05818   0.00655   0.02227   0.01286   0.06539   0.15757   0.06123   0.12959   3.95300   0.29239  
 47  0.1490  12589.466559  x:  0.05323   0.05049   0.00566   0.01207   0.05610   0.07468   0.14740   0.01637   0.02063   0.01235   0.05780   0.09289   0.04775   0.01297   0.04313   0.06425   0.07628   0.06621   0.00997   0.01995   0.09911   0.01373   0.12849   0.01852   0.08293   0.02857   0.00929   0.00251   0.02456   0.02058   0.01657   0.01386   0.05684   0.00604   0.02121   0.01437   0.06953   0.16193   0.05882   0.13176   3.91264   0.28967  
 48  0.0401  12588.775817  x:  0.05280   0.05068   0.00598   0.01206   0.05480   0.07428   0.14526   0.01609   0.01964   0.01171   0.05725   0.09375   0.04766   0.01327   0.04147   0.06570   0.07876   0.06440   0.01044   0.01895   0.10456   0.01279   0.12479   0.01871   0.08581   0.02722   0.00895   0.00245   0.02472   0.02038   0.01627   0.01300   0.05527   0.00570   0.02028   0.01316   0.07138   0.15978   0.05750   0.12808   3.84679   0.29121  
 49  0.0569  12588.494072  x:  0.05244   0.05066   0.00629   0.01185   0.05445   0.07393   0.14547   0.01658   0.01923   0.01134   0.05680   0.09497   0.04821   0.01341   0.04095   0.06657   0.07939   0.06413   0.01073   0.01869   0.09993   0.01253   0.13069   0.01878   0.08631   0.02682   0.00882   0.00243   0.02464   0.02020   0.01618   0.01262   0.05480   0.00555   0.01993   0.01289   0.07118   0.15928   0.05730   0.12732   3.80506   0.29196  
 50  0.0707  12588.015847  x:  0.05252   0.05003   0.00735   0.01105   0.05431   0.07406   0.14879   0.01586   0.01885   0.01047   0.05659   0.09685   0.04908   0.01343   0.04092   0.06550   0.07743   0.06515   0.01134   0.01888   0.09965   0.01272   0.12680   0.01893   0.08396   0.02694   0.00866   0.00233   0.02404   0.02006   0.01598   0.01218   0.05497   0.00538   0.01969   0.01352   0.06738   0.15912   0.05812   0.13060   3.75711   0.29283  
 51  0.0257  12587.502909  x:  0.05317   0.04984   0.00897   0.01017   0.05526   0.07474   0.14774   0.01671   0.01901   0.00991   0.05904   0.09597   0.04791   0.01345   0.04222   0.06552   0.07626   0.06580   0.01184   0.01972   0.10224   0.01369   0.12874   0.01839   0.08521   0.02790   0.00883   0.00224   0.02448   0.02053   0.01612   0.01248   0.05594   0.00558   0.02004   0.01348   0.07048   0.16039   0.05848   0.12687   3.73606   0.29096  
 52  0.0068  12587.257407  x:  0.05249   0.05039   0.00999   0.00941   0.05505   0.07412   0.14522   0.01648   0.01915   0.01031   0.05617   0.09447   0.04846   0.01326   0.04221   0.06645   0.07860   0.06557   0.01171   0.01960   0.10200   0.01362   0.12870   0.01828   0.08455   0.02808   0.00888   0.00213   0.02459   0.02027   0.01625   0.01276   0.05586   0.00567   0.02020   0.01317   0.06956   0.15927   0.05832   0.12969   3.75626   0.29008  
 53  0.0130  12587.140191  x:  0.05291   0.05036   0.01067   0.00898   0.05467   0.07457   0.14667   0.01613   0.01927   0.01079   0.05700   0.09629   0.04880   0.01309   0.04175   0.06575   0.07804   0.06507   0.01151   0.01910   0.10306   0.01302   0.13018   0.01829   0.08531   0.02765   0.00887   0.00214   0.02431   0.02010   0.01630   0.01291   0.05537   0.00568   0.02018   0.01352   0.06955   0.15915   0.05800   0.12934   3.78606   0.29091  
 54  0.0166  12587.124016  x:  0.05270   0.05033   0.01077   0.00889   0.05481   0.07436   0.14676   0.01621   0.01931   0.01091   0.05718   0.09597   0.04859   0.01320   0.04165   0.06640   0.07759   0.06515   0.01131   0.01911   0.10283   0.01294   0.12988   0.01839   0.08507   0.02750   0.00889   0.00217   0.02438   0.02024   0.01631   0.01289   0.05540   0.00569   0.02020   0.01324   0.06951   0.15970   0.05799   0.12890   3.79770   0.29149  
 55  0.0093  12587.118195  x:  0.05269   0.05023   0.01079   0.00894   0.05483   0.07437   0.14671   0.01627   0.01933   0.01090   0.05719   0.09576   0.04844   0.01327   0.04157   0.06628   0.07797   0.06521   0.01115   0.01917   0.10313   0.01296   0.13020   0.01844   0.08498   0.02738   0.00889   0.00224   0.02445   0.02028   0.01623   0.01278   0.05546   0.00566   0.02017   0.01337   0.06942   0.15968   0.05804   0.12902   3.79985   0.29156  
 56  0.0013  12587.115770  x:  0.05276   0.05026   0.01083   0.00892   0.05481   0.07445   0.14675   0.01627   0.01933   0.01086   0.05714   0.09591   0.04856   0.01327   0.04161   0.06622   0.07790   0.06520   0.01107   0.01923   0.10285   0.01304   0.12989   0.01846   0.08519   0.02739   0.00888   0.00228   0.02440   0.02020   0.01621   0.01273   0.05547   0.00564   0.02015   0.01334   0.06951   0.15950   0.05804   0.12906   3.79859   0.29148  
 57  0.0009  12587.115040  x:  0.05272   0.05029   0.01086   0.00894   0.05479   0.07442   0.14670   0.01623   0.01930   0.01084   0.05715   0.09593   0.04860   0.01325   0.04165   0.06624   0.07783   0.06517   0.01103   0.01920   0.10295   0.01307   0.12998   0.01845   0.08508   0.02746   0.00887   0.00230   0.02437   0.02024   0.01621   0.01273   0.05544   0.00563   0.02014   0.01333   0.06950   0.15966   0.05803   0.12906   3.79544   0.29134  
 58  0.0016  12587.114500  x:  0.05271   0.05029   0.01090   0.00898   0.05483   0.07443   0.14672   0.01622   0.01931   0.01086   0.05717   0.09594   0.04853   0.01324   0.04167   0.06624   0.07791   0.06519   0.01102   0.01917   0.10285   0.01303   0.12992   0.01845   0.08509   0.02750   0.00888   0.00230   0.02442   0.02023   0.01624   0.01278   0.05545   0.00564   0.02016   0.01334   0.06951   0.15953   0.05804   0.12899   3.79493   0.29137  
 59  0.0002  12587.114131  x:  0.05272   0.05029   0.01092   0.00903   0.05482   0.07447   0.14675   0.01625   0.01931   0.01086   0.05715   0.09591   0.04854   0.01325   0.04165   0.06621   0.07787   0.06519   0.01102   0.01918   0.10287   0.01300   0.12991   0.01846   0.08514   0.02747   0.00888   0.00230   0.02439   0.02022   0.01624   0.01278   0.05547   0.00564   0.02016   0.01332   0.06949   0.15960   0.05804   0.12911   3.79462   0.29144  
 60  0.0002  12587.113964  x:  0.05269   0.05028   0.01094   0.00905   0.05481   0.07446   0.14672   0.01624   0.01931   0.01085   0.05715   0.09591   0.04858   0.01324   0.04163   0.06622   0.07786   0.06518   0.01103   0.01920   0.10283   0.01301   0.12988   0.01846   0.08512   0.02745   0.00888   0.00229   0.02439   0.02023   0.01623   0.01277   0.05546   0.00564   0.02016   0.01334   0.06948   0.15959   0.05803   0.12900   3.79509   0.29141  
 61  0.0003  12587.113919  x:  0.05269   0.05029   0.01095   0.00905   0.05481   0.07446   0.14672   0.01624   0.01931   0.01085   0.05716   0.09593   0.04856   0.01324   0.04164   0.06622   0.07787   0.06518   0.01103   0.01920   0.10283   0.01303   0.12988   0.01845   0.08511   0.02745   0.00888   0.00229   0.02440   0.02023   0.01623   0.01276   0.05545   0.00564   0.02016   0.01333   0.06950   0.15958   0.05803   0.12905   3.79568   0.29139  
 62  0.0004  12587.113913  x:  0.05269   0.05029   0.01095   0.00905   0.05481   0.07447   0.14672   0.01624   0.01931   0.01086   0.05715   0.09593   0.04855   0.01325   0.04164   0.06622   0.07787   0.06518   0.01104   0.01919   0.10283   0.01303   0.12989   0.01845   0.08512   0.02745   0.00888   0.00229   0.02440   0.02023   0.01623   0.01276   0.05545   0.00564   0.02015   0.01333   0.06950   0.15959   0.05803   0.12904   3.79590   0.29140  
 63  0.0002  12587.113913  x:  0.05268   0.05029   0.01094   0.00905   0.05481   0.07447   0.14672   0.01624   0.01931   0.01086   0.05715   0.09593   0.04856   0.01325   0.04164   0.06622   0.07787   0.06518   0.01104   0.01919   0.10283   0.01303   0.12988   0.01845   0.08512   0.02745   0.00888   0.00229   0.02440   0.02023   0.01623   0.01276   0.05545   0.00564   0.02015   0.01333   0.06950   0.15959   0.05803   0.12904   3.79592   0.29140  
 64  0.0000  12587.113913  x:  0.05268   0.05029   0.01094   0.00905   0.05481   0.07448   0.14672   0.01624   0.01931   0.01086   0.05715   0.09593   0.04856   0.01325   0.04164   0.06622   0.07787   0.06518   0.01104   0.01919   0.10283   0.01303   0.12988   0.01845   0.08512   0.02745   0.00888   0.00229   0.02440   0.02023   0.01623   0.01276   0.05545   0.00564   0.02015   0.01333   0.06950   0.15959   0.05803   0.12904   3.79591   0.29140  
 65  0.0000  12587.113913  x:  0.05268   0.05029   0.01095   0.00905   0.05481   0.07448   0.14672   0.01624   0.01931   0.01086   0.05715   0.09593   0.04856   0.01325   0.04164   0.06622   0.07787   0.06518   0.01104   0.01919   0.10283   0.01303   0.12988   0.01845   0.08512   0.02745   0.00888   0.00229   0.02440   0.02023   0.01623   0.01276   0.05545   0.00564   0.02015   0.01333   0.06950   0.15959   0.05803   0.12904   3.79590   0.29140  
 66  0.0000  12587.113913  x:  0.05267   0.05029   0.01094   0.00905   0.05481   0.07449   0.14672   0.01624   0.01931   0.01086   0.05715   0.09593   0.04856   0.01325   0.04164   0.06622   0.07787   0.06518   0.01104   0.01919   0.10283   0.01303   0.12988   0.01845   0.08512   0.02745   0.00888   0.00229   0.02440   0.02023   0.01623   0.01276   0.05545   0.00564   0.02015   0.01333   0.06950   0.15959   0.05803   0.12904   3.79590   0.29140  