Species	lnL_null	lnL_alt	LRT	p-value	bg_omega	fg_omega
Camelus_bactrianus	-5702.868141	-5701.025957	3.6844	0.05492	0.2235	0.0001
Camelus_dromedarius	-5702.868141	-5702.868025	0.0002	0.9878	0.21984	0.0001
Hippopotamus_amphibius	-5702.868141	-5702.054	1.6283	0.2019	0.23872	0.17032
Phacochoerus_africanus	-5702.868141	-5702.836882	0.0625	0.8026	0.21898	0.26784
Sus_scrofa	-5702.868141	-5699.611237	6.5138	0.0107	0.20877	1.06795
Vicugna_pacos	-5702.868141	-5702.570012	0.5963	0.44	0.22325	0.13193
Choloepus_didactylus	-9219.093308	-9218.356194	1.4742	0.2247	0.23304	0.3024
Chrysochloris_asiatica	-9219.093308	-9218.142547	1.9015	0.1679	0.24702	0.19094
Dasypus_novemcinctus	-9219.093308	-9217.77331	2.64	0.1042	0.23123	0.33195
Echinops_telfairi	-9219.093308	-9217.9908	2.205	0.1376	0.24947	0.19635
Elephantulus_edwardii	-9219.093308	-9216.996756	4.1931	0.04059	0.25297	0.18025
Elephas_maximus	-9219.093308	-9218.536925	1.1128	0.2915	0.23816	1.00003
Loxodonta_africana	-9219.093308	-9219.092819	0.001	0.9751	0.23898	0.24601
Orycteropus_afer	-9219.093308	-9219.067597	0.0514	0.8206	0.2378	0.2485
Condylura_cristata	-6786.782153	-6786.775866	0.0126	0.9107	0.21869	143.13844
Erinaceus_europaeus	-6786.782153	-6786.108901	1.3465	0.2459	0.23525	0.18767
Sorex_araneus	-6786.782153	-6786.744976	0.0744	0.7851	0.22162	0.20244
Sorex_fumeus	-6786.782153	-6785.143265	3.2778	0.07022	0.20896	0.36131
Aotus_nancymaae	-13282.5318	-13279.66652	5.7306	0.01667	0.29395	0.71644
Callithrix_jacchus	-13282.5318	-13281.98403	1.0956	0.2952	0.29602	0.3992
Carlito_syrichta	-13282.5318	-13281.4141	2.2354	0.1349	0.30764	0.24669
Cebus_imitator	-13282.5318	-13282.52575	0.0121	0.9124	0.29892	0.28011
Cercocebus_atys	-13282.5318	-13281.69855	1.6665	0.1967	0.29785	1.18344
Chlorocebus_sabaeus	-13282.5318	-13282.36629	0.331	0.5651	0.29955	0.21752
Colobus_angolensis	-13282.5318	-13282.34419	0.3752	0.5402	0.29999	0.23429
Cynocephalus_volans	-13282.5318	-13282.26809	0.5274	0.4677	0.29743	0.40923
Eulemur_rufifrons	-13282.5318	-13282.39835	0.2669	0.6054	0.29953	0.22848
Galeopterus_variegatus	-13282.5318	-13282.52281	0.018	0.8933	0.29905	0.28335
Gorilla_gorilla	-13282.5318	-13282.43832	0.187	0.6655	0.29727	0.32734
Homo_sapiens	-13282.5318	-13280.88438	3.2949	0.0695	0.29693	1.17369
Hylobates_moloch	-13282.5318	-13282.20494	0.6537	0.4188	0.2979	0.52681
Lemur_catta	-13282.5318	-13282.50811	0.0474	0.8277	0.2984	0.32842
Macaca_fascicularis	-13282.5318	-13281.96742	1.1288	0.288	0.29909	0.0001
Macaca_mulatta	-13282.5318	-13280.87348	3.3167	0.06858	0.29795	45.46642
Macaca_nemestrina	-13282.5318	-13282.52118	0.0213	0.8841	0.29889	0.26172
Macaca_thibetana	-13282.5318	-13282.40902	0.2456	0.6202	0.29921	0.19624
Mandrillus_leucophaeus	-13282.5318	-13282.4684	0.1268	0.7218	0.299	0.19466
Microcebus_murinus	-13282.5318	-13277.72939	9.6048	0.001941	0.30653	0.11107
Nomascus_leucogenys	-13282.5318	-13281.89407	1.2755	0.2587	0.29771	0.76171
Nycticebus_coucang	-13282.5318	-13282.37379	0.316	0.574	0.30044	0.25624
Otolemur_garnettii	-13282.5318	-13280.2524	4.5588	0.03275	0.30593	0.17809
Pan_paniscus	-13282.5318	-13282.19676	0.6701	0.413	0.29955	0.15467
Papio_anubis	-13282.5318	-13282.21939	0.6248	0.4293	0.29792	0.5121
Piliocolobus_tephrosceles	-13282.5318	-13282.43916	0.1853	0.6669	0.2981	0.37183
Pongo_abelii	-13282.5318	-13282.53182	0	1	0.29878	0.67965
Pongo_pygmaeus	-13282.5318	-13282.53184	-0.0001	1	0.29878	3.49923
Propithecus_coquereli	-13282.5318	-13282.37873	0.3061	0.5801	0.29985	0.24069
Rhinopithecus_bieti	-13282.5318	-13281.11447	2.8347	0.09225	0.29744	1.56841
Rhinopithecus_roxellana	-13282.5318	-13281.69272	1.6782	0.1952	0.29785	1.19077
Saimiri_boliviensis	-13282.5318	-13282.53112	0.0014	0.9705	0.29871	0.30282
Sapajus_apella						
Symphalangus_syndactylus	-13282.5318	-13281.63731	1.789	0.1811	0.30024	0.11141
Theropithecus_gelada	-13282.5318	-13280.15855	4.7465	0.02936	0.30012	0.0001
Trachypithecus_francoisi						
Tupaia_chinensis	-13282.5318	-13282.53233	-0.0011	1	0.29877	7.98443
Acomys_russatus	-22552.83625	-22552.69307	0.2864	0.5926	0.2047	0.22439
Alexandromys_fortis	-22552.83625	-22552.83426	0.004	0.9497	0.20558	0.19987
Apodemus_sylvaticus	-22552.83625	-22552.80922	0.0541	0.8161	0.20526	0.21553
Arvicanthis_niloticus	-22552.83625	-22550.56639	4.5397	0.03312	0.20716	0.09366
Arvicola_amphibius	-22552.83625	-22552.39217	0.8882	0.346	0.2048	0.28168
Chionomys_nivalis	-22552.83625	-22552.43146	0.8096	0.3682	0.20615	0.14308
Cricetulus_griseus	-22552.83625	-22552.82194	0.0286	0.8657	0.20571	0.19663
Dipodomys_merriami	-22552.83625	-22552.78403	0.1044	0.7466	0.20533	0.23151
Dipodomys_ordii	-22552.83625	-22552.64351	0.3855	0.5347	0.20518	0.26782
Dipodomys_spectabilis	-22552.83625	-22552.59422	0.4841	0.4866	0.2059	0.14037
Fukomys_damarensis	-22552.83625	-22551.81456	2.0434	0.1529	0.20375	0.28877
Grammomys_surdaster	-22552.83625	-22552.3054	1.0617	0.3028	0.20635	0.14499
Heterocephalus_glaber	-22552.83625	-22551.09142	3.4897	0.06175	0.20313	0.31017
Ictidomys_tridecemlineatus	-22552.83625	-22552.62703	0.4185	0.5177	0.20583	0.14194
Lepus_europaeus	-22552.83625	-22552.39883	0.8749	0.3496	0.20487	0.29195
Marmota_flaviventris	-22552.83625	-22552.58073	0.5111	0.4747	0.20573	0.0975
Marmota_marmota	-22552.83625	-22552.77871	0.1151	0.7344	0.20578	0.18146
Marmota_monax	-22552.83625	-22552.192	1.2885	0.2563	0.20528	0.78077
Mastomys_coucha	-22552.83625	-22552.83289	0.0067	0.9346	0.20565	0.20212
Meriones_unguiculatus	-22552.83625	-22552.67205	0.3284	0.5666	0.20514	0.25604
Mesocricetus_auratus	-22552.83625	-22552.58831	0.4959	0.4813	0.20613	0.16415
Microtus_ochrogaster	-22552.83625	-22549.93893	5.7947	0.01607	0.20681	0.05653
Microtus_oregoni	-22552.83625	-22552.70839	0.2557	0.6131	0.20577	0.15265
Mus_caroli	-22552.83625	-22552.18783	1.2968	0.2548	0.20632	0.13366
Mus_musculus	-22552.83625	-22551.49987	2.6728	0.1021	0.20472	0.47269
Mus_pahari	-22552.83625	-22551.98674	1.699	0.1924	0.20434	0.29217
Myodes_glareolus	-22552.83625	-22549.07429	7.5239	0.006088	0.20781	0.08048
Nannospalax_galili	-22552.83625	-22552.8256	0.0213	0.884	0.20576	0.19992
Onychomys_torridus	-22552.83625	-22552.81617	0.0402	0.8411	0.20536	0.2172
Oryctolagus_cuniculus	-22552.83625	-22550.13974	5.393	0.02022	0.204	0.56882
Perognathus_longimembris	-22552.83625	-22552.03823	1.5961	0.2065	0.20396	0.27642
Peromyscus_californicus	-22552.83625	-22552.35339	0.9657	0.3257	0.20613	0.1348
Peromyscus_eremicus	-22552.83625	-22551.66932	2.3339	0.1266	0.20625	0.08342
Peromyscus_maniculatus	-22552.83625	-22552.48873	0.695	0.4045	0.20621	0.15746
Phodopus_roborovskii	-22552.83625	-22552.77811	0.1163	0.7331	0.20513	0.22076
Psammomys_obesus	-22552.83625	-22551.64812	2.3763	0.1232	0.20458	0.42648
Rattus_norvegicus	-22552.83625	-22552.23037	1.2118	0.271	0.20702	0.16645
Sciurus_carolinensis	-22552.83625	-22552.74435	0.1838	0.6681	0.20594	0.18027
Urocitellus_parryii	-22552.83625	-22551.59622	2.4801	0.1153	0.20493	0.56308
Artibeus_jamaicensis	-12587.11391	-12587.11032	0.0072	0.9324	0.29166	0.28534
Desmodus_rotundus	-12587.11391	-12586.66338	0.9011	0.3425	0.288	0.35816
Eptesicus_fuscus	-12587.11391	-12587.09046	0.0469	0.8285	0.29201	0.27286
Miniopterus_natalensis	-12587.11391	-12587.09545	0.0369	0.8476	0.29216	0.28051
Molossus_molossus	-12587.11391	-12582.76645	8.6949	0.003191	0.30334	0.16117
Myotis_brandtii	-12587.11391	-12586.96609	0.2957	0.5866	0.29238	0.22762
Myotis_daubentonii	-12587.11391	-12586.76611	0.6956	0.4043	0.2927	0.19378
Myotis_davidii	-12587.11391	-12587.08994	0.0479	0.8267	0.29083	0.3103
Myotis_lucifugus	-12587.11391	-12586.89975	0.4283	0.5128	0.29237	0.20035
Myotis_myotis	-12587.11391	-12586.29722	1.6334	0.2012	0.293	0.13018
Myotis_yumanensis	-12587.11391	-12585.95309	2.3216	0.1276	0.29385	0.1294
Phyllostomus_discolor	-12587.11391	-12586.23968	1.7485	0.1861	0.28936	0.55803
Phyllostomus_hastatus	-12587.11391	-12587.0003	0.2272	0.6336	0.29083	0.39745
Pipistrellus_kuhlii	-12587.11391	-12587.11304	0.0017	0.9667	0.29159	0.28928
Pteronotus_mesoamericanus	-12587.11391	-12585.67023	2.8874	0.08928	0.2856	0.42781
Pteropus_alecto	-12587.11391	-12587.11144	0.0049	0.944	0.29149	0.2777
Pteropus_vampyrus	-12587.11391	-12587.00227	0.2233	0.6365	0.29193	0.20051
Rousettus_aegyptiacus	-12587.11391	-12586.95326	0.3213	0.5708	0.28989	0.34649
Saccopteryx_bilineata	-12587.11391	-12587.07186	0.0841	0.7718	0.29094	0.33693
Saccopteryx_leptura	-12587.11391	-12586.88979	0.4482	0.5032	0.29239	0.20024
Sturnira_hondurensis	-12587.11391	-12584.58828	5.0513	0.02461	0.29786	0.15503
Acinonyx_jubatus	-11312.30194	-11312.10714	0.3896	0.5325	0.24131	0.40351
Ailuropoda_melanoleuca	-11312.30194	-11312.18819	0.2275	0.6334	0.24276	0.18801
Callorhinus_ursinus	-11312.30194	-11311.88196	0.84	0.3594	0.2431	0.12316
Canis_lupus	-11312.30194	-11312.28378	0.0363	0.8489	0.24212	0.20482
Enhydra_lutris	-11312.30194	-11310.51432	3.5752	0.05865	0.23839	0.56977
Eumetopias_jubatus	-11312.30194	-11312.29173	0.0204	0.8864	0.24203	0.2034
Felis_catus	-11312.30194	-11309.99689	4.6101	0.03178	0.23971	1.73955
Halichoerus_grypus	-11312.30194	-11312.23778	0.1283	0.7202	0.24172	0.40247
Hyaena_hyaena	-11312.30194	-11311.9011	0.8017	0.3706	0.23882	0.30198
Leopardus_geoffroyi	-11312.30194	-11311.91731	0.7693	0.3804	0.24056	0.38669
Leptonychotes_weddellii	-11312.30194	-11312.21604	0.1718	0.6785	0.24143	0.31994
Lontra_canadensis	-11312.30194	-11312.18279	0.2383	0.6254	0.24112	0.31221
Lutra_lutra	-11312.30194	-11312.17499	0.2539	0.6143	0.24111	0.31379
Lynx_canadensis	-11312.30194	-11312.03729	0.5293	0.4669	0.24135	0.55366
Lynx_rufus	-11312.30194	-11312.25035	0.1032	0.748	0.24225	0.18408
Manis_javanica	-11312.30194	-11312.14887	0.3061	0.5801	0.24085	0.32118
Manis_pentadactyla	-11312.30194	-11312.30159	0.0007	0.9788	0.24199	0.23919
Meles_meles	-11312.30194	-11312.25999	0.0839	0.7721	0.24258	0.21684
Mirounga_angustirostris	-11312.30194	-11311.35926	1.8854	0.1697	0.24255	0.0001
Mirounga_leonina	-11312.30194	-11311.83501	0.9339	0.3339	0.24224	0.0001
Mustela_erminea	-11312.30194	-11311.83773	0.9284	0.3353	0.24324	0.13118
Mustela_lutreola	-11312.30194	-11311.25857	2.0867	0.1486	0.24032	1.00124
Mustela_nigripes	-11312.30194	-11311.73766	1.1286	0.2881	0.24063	0.56455
Mustela_putorius	-11312.30194	-11312.29335	0.0172	0.8957	0.2421	0.21907
Neofelis_nebulosa	-11312.30194	-11310.72599	3.1519	0.07584	0.24388	0.05083
Neogale_vison	-11312.30194	-11309.04755	6.5088	0.01073	0.24526	0.03237
Neomonachus_schauinslandi	-11312.30194	-11311.75972	1.0844	0.2977	0.24081	0.53292
Nyctereutes_procyonoides	-11312.30194	-11312.1304	0.3431	0.5581	0.24135	0.39481
Odobenus_rosmarus	-11312.30194	-11311.96645	0.671	0.4127	0.24312	0.14388
Panthera_leo	-11312.30194	-11312.16224	0.2794	0.5971	0.24234	0.13481
Panthera_onca	-11312.30194	-11312.28033	0.0432	0.8353	0.24214	0.20244
Panthera_pardus	-11312.30194	-11312.10539	0.3931	0.5307	0.24131	0.40455
Panthera_tigris	-11312.30194	-11311.47642	1.651	0.1988	0.2409	258.26621
Panthera_uncia	-11312.30194	-11312.10301	0.3979	0.5282	0.24131	0.40586
Phoca_vitulina	-11312.30194	-11312.259	0.0859	0.7695	0.24162	0.30288
Prionailurus_bengalensis	-11312.30194	-11312.3003	0.0033	0.9543	0.24199	0.2298
Prionailurus_viverrinus	-11312.30194	-11310.82118	2.9615	0.08527	0.2409	999
Puma_concolor	-11312.30194	-11311.83395	0.936	0.3333	0.24224	0.0001
Puma_yagouaroundi	-11312.30194	-11312.16339	0.2771	0.5986	0.24234	0.13538
Suricata_suricatta	-11312.30194	-11311.76127	1.0813	0.2984	0.23823	0.3106
Ursus_americanus	-11312.30194	-11312.28043	0.043	0.8357	0.2417	0.28362
Ursus_arctos	-11312.30194	-11312.2821	0.0397	0.8421	0.2418	0.31989
Ursus_maritimus	-11312.30194	-11312.10011	0.4037	0.5252	0.24157	0.84969
Vulpes_lagopus	-11312.30194	-11312.16222	0.2794	0.5971	0.24234	0.13472
Vulpes_vulpes	-11312.30194	-11312.17738	0.2491	0.6177	0.24245	0.16111
Zalophus_californianus	-11312.30194	-11311.36923	1.8654	0.172	0.24255	0.0001
