

TREE # 1

  0  0.0000   5013.100164  x:  0.01998   0.09118   0.08166   0.01541   0.05804   0.09195   0.05394   2.00000   0.50000  
  1 99.0000   4913.775394  x:  0.00848   0.06967   0.11290   0.00000   0.03439   0.06834   0.03433   2.00055   0.49774  
  2 2088.8166   4849.896501  x:  0.00000   0.05018   0.13913   0.00544   0.01305   0.04689   0.01730   2.00104   0.49568  
  3 13688.4192   4817.444885  x:  0.00311   0.03849   0.15444   0.00780   0.00000   0.03369   0.00728   2.00135   0.49441  
  4 23489.1306   4807.933348  x:  0.00461   0.03235   0.16239   0.00892   0.00039   0.02675   0.00223   2.00151   0.49374  
  5 7134.8427   4773.922167  x:  0.00780   0.01156   0.18546   0.01140   0.00085   0.00253   0.00870   2.00209   0.49138  
  6 4935.3312   4773.435862  x:  0.00797   0.00937   0.18644   0.01150   0.00086   0.00422   0.00899   2.00225   0.49073  
  7 385.3508   4773.172090  x:  0.00784   0.00728   0.18437   0.01130   0.00084   0.00370   0.00862   2.00322   0.48693  
  8 108.3678   4757.697339  x:  0.00766   0.00788   0.18368   0.01123   0.00084   0.00383   0.00868   2.07018   0.22273  
  9 213.0735   4749.927830  x:  0.00794   0.00796   0.18788   0.01156   0.00083   0.00382   0.00862   3.51751   0.33015  
 10 14.0674   4747.706647  x:  0.00996   0.00714   0.20747   0.01294   0.00080   0.00338   0.00840   3.72178   0.26261  
 11  0.3617   4747.034913  x:  0.00922   0.00828   0.19780   0.01144   0.00093   0.00349   0.00960   3.89440   0.24003  
 12  0.2925   4746.136886  x:  0.00956   0.00873   0.19374   0.00883   0.00117   0.00315   0.01131   4.28998   0.27994  
 13  0.1902   4745.565283  x:  0.01132   0.00768   0.20416   0.00732   0.00129   0.00315   0.01133   4.55106   0.26694  
 14  0.1399   4745.379073  x:  0.01171   0.00790   0.20035   0.00646   0.00129   0.00356   0.01016   4.40797   0.26071  
 15  0.0538   4745.299450  x:  0.01230   0.00779   0.20078   0.00704   0.00130   0.00334   0.00957   4.22837   0.26311  
 16  0.1050   4745.250048  x:  0.01295   0.00759   0.20061   0.00665   0.00145   0.00318   0.01017   4.22654   0.26605  
 17  0.0017   4745.221740  x:  0.01315   0.00769   0.20004   0.00687   0.00154   0.00344   0.01033   4.17580   0.26100  
 18  0.0230   4745.133952  x:  0.01279   0.00767   0.19804   0.00697   0.00185   0.00302   0.00988   4.21634   0.25741  
 19  0.0051   4745.065661  x:  0.01251   0.00772   0.20002   0.00717   0.00212   0.00336   0.00961   4.28539   0.26481  
 20  0.0380   4745.060666  x:  0.01254   0.00766   0.20051   0.00712   0.00221   0.00331   0.00953   4.25698   0.26293  
 21  0.0157   4745.059294  x:  0.01241   0.00772   0.20048   0.00706   0.00223   0.00331   0.00966   4.24585   0.26315  
 22  0.0061   4745.059136  x:  0.01238   0.00771   0.20058   0.00705   0.00222   0.00332   0.00964   4.24029   0.26308  
 23  0.0036   4745.059133  x:  0.01239   0.00771   0.20060   0.00705   0.00222   0.00331   0.00965   4.24083   0.26306  
 24  0.0004   4745.059133  x:  0.01239   0.00771   0.20059   0.00705   0.00222   0.00331   0.00965   4.24078   0.26306  
 25  0.0001   4745.059133  x:  0.01239   0.00771   0.20059   0.00705   0.00222   0.00331   0.00965   4.24078   0.26306  