

TREE # 1

  0  0.0000  10104.716297  x:  0.03784   0.03545   0.03993   0.03792   0.04586   0.08467   0.09150   0.03751   0.03535   0.04722   0.06973   0.01995   0.10246   2.00000   0.50000  
  1 99.0000   9412.949638  x:  0.16899   0.03741   0.03161   0.09983   0.00979   0.04789   0.10683   0.13817   0.12951   0.03771   0.12129   0.40754   0.16351   2.00329   0.48079  
  2 9837.6890   9392.520115  x:  0.17082   0.03536   0.02820   0.10118   0.00000   0.03542   0.10868   0.13873   0.12970   0.03223   0.12400   0.40537   0.17158   2.00448   0.47353  
  3 1338.0270   9351.144925  x:  0.17571   0.03014   0.01952   0.10481   0.00070   0.00335   0.11344   0.14028   0.13030   0.01812   0.13108   0.40017   0.19242   2.00757   0.45464  
  4 4978.8930   9325.676916  x:  0.18502   0.02531   0.01349   0.11120   0.00099   0.01250   0.12147   0.14317   0.13165   0.00000   0.14461   0.39065   0.22804   2.01403   0.41494  
  5 1131.8604   9273.773985  x:  0.21541   0.02416   0.02673   0.13201   0.00148   0.02156   0.14504   0.15165   0.13600   0.03057   0.19224   0.35833   0.33767   2.03764   0.26914  
  6 2648.3719   9259.860439  x:  0.21773   0.03013   0.02733   0.12082   0.00146   0.02017   0.13176   0.15291   0.13757   0.02664   0.17997   0.36123   0.32967   2.05019   0.20149  
  7 482.4495   9259.481535  x:  0.21809   0.02351   0.02855   0.12208   0.00145   0.02029   0.13274   0.15369   0.13855   0.02713   0.17830   0.36095   0.32797   2.05735   0.20006  
  8 71.8541   9256.758216  x:  0.23042   0.02798   0.03141   0.13606   0.00137   0.01947   0.14710   0.16214   0.14705   0.02504   0.16400   0.35294   0.31780   2.16516   0.20213  
  9 99.1222   9252.610830  x:  0.23957   0.02622   0.01509   0.13232   0.00142   0.02091   0.14545   0.16244   0.14584   0.03105   0.16479   0.35124   0.31236   2.32228   0.20882  
 10 461.6265   9243.963685  x:  0.25023   0.02406   0.03156   0.11163   0.00141   0.01894   0.12764   0.15329   0.13382   0.02367   0.18033   0.35517   0.30837   2.72315   0.22955  
 11 1535.6270   9241.271499  x:  0.21245   0.02727   0.03063   0.12359   0.00137   0.01894   0.12684   0.14661   0.13534   0.02297   0.18263   0.36613   0.31228   2.83847   0.23115  
 12 286.5613   9241.117462  x:  0.20827   0.02741   0.03081   0.11878   0.00139   0.01900   0.13006   0.14983   0.13641   0.02327   0.18091   0.36701   0.31435   2.84526   0.23166  
 13 49.5480   9241.106481  x:  0.20824   0.02734   0.03084   0.11894   0.00139   0.01904   0.12942   0.15021   0.13531   0.02347   0.17920   0.36725   0.31553   2.84564   0.23191  
 14  5.8833   9241.061993  x:  0.20869   0.02725   0.03084   0.11822   0.00140   0.01903   0.12873   0.14758   0.13799   0.02365   0.17711   0.36727   0.31714   2.84630   0.23234  
 15  1.5607   9232.025914  x:  0.21216   0.02717   0.02633   0.11549   0.00083   0.00622   0.14167   0.13757   0.12890   0.01116   0.16655   0.36363   0.30588   2.94209   0.22768  
 16  2.2718   9231.118778  x:  0.21090   0.02726   0.02599   0.11708   0.00076   0.00466   0.13163   0.14715   0.13616   0.00957   0.16743   0.35867   0.30578   2.95361   0.22870  
 17 101.3737   9227.377254  x:  0.20571   0.02730   0.02034   0.11646   0.00253   0.00606   0.12207   0.15467   0.14058   0.01044   0.15515   0.34898   0.27703   3.00089   0.23337  
 18  0.0706   9223.671151  x:  0.20523   0.02502   0.01523   0.11631   0.00363   0.00311   0.13524   0.14537   0.13183   0.01174   0.16164   0.32314   0.29445   3.02131   0.23963  
 19  0.0254   9220.618906  x:  0.20241   0.02399   0.01734   0.11840   0.00451   0.00657   0.13502   0.14622   0.13114   0.01421   0.17042   0.28985   0.31568   3.01351   0.24346  
 20  0.0540   9218.486790  x:  0.19482   0.02741   0.02290   0.11504   0.00548   0.00583   0.13147   0.14099   0.12847   0.01056   0.16180   0.26767   0.29939   2.99907   0.23912  
 21  0.0282   9218.098405  x:  0.19197   0.02697   0.02020   0.11434   0.00538   0.00583   0.12696   0.14261   0.13008   0.01298   0.15805   0.26505   0.29042   2.97064   0.23836  
 22  0.0272   9217.928548  x:  0.19330   0.02673   0.02106   0.11430   0.00469   0.00545   0.12936   0.14237   0.12890   0.01406   0.16057   0.26590   0.28618   2.93285   0.24031  
 23  0.0129   9217.720462  x:  0.19061   0.02772   0.02114   0.11388   0.00356   0.00529   0.12782   0.14158   0.12889   0.01469   0.15907   0.26298   0.29165   2.92549   0.23936  
 24  0.0041   9217.648703  x:  0.19161   0.02711   0.02080   0.11404   0.00321   0.00559   0.12798   0.14176   0.12918   0.01355   0.15896   0.26116   0.28963   2.95146   0.23874  
 25  0.0183   9217.646238  x:  0.19152   0.02711   0.02083   0.11405   0.00328   0.00565   0.12816   0.14181   0.12908   0.01340   0.15899   0.26179   0.28957   2.95651   0.23920  
 26  0.0057   9217.646124  x:  0.19160   0.02713   0.02084   0.11403   0.00326   0.00566   0.12817   0.14182   0.12907   0.01341   0.15902   0.26181   0.28959   2.95664   0.23932  
 27  0.0002   9217.646120  x:  0.19160   0.02713   0.02084   0.11403   0.00326   0.00567   0.12816   0.14182   0.12907   0.01341   0.15903   0.26177   0.28958   2.95664   0.23933  
 28  0.0000   9217.646120  x:  0.19159   0.02713   0.02084   0.11403   0.00326   0.00567   0.12816   0.14182   0.12907   0.01341   0.15902   0.26178   0.28958   2.95664   0.23932  
 29  0.0000   9217.646120  x:  0.19159   0.02713   0.02084   0.11403   0.00326   0.00567   0.12816   0.14182   0.12907   0.01341   0.15902   0.26178   0.28958   2.95664   0.23932  
 30  0.0000   9217.646120  x:  0.19159   0.02713   0.02084   0.11403   0.00326   0.00567   0.12816   0.14182   0.12907   0.01341   0.15902   0.26178   0.28958   2.95664   0.23932  